,floorplan_name,nr_sim,fs_sim,rl_sim,rc_sim,rs_sim,rsl_sim
0,01_01_a0101135010000300016z,0.5,1.432035519125683,35.0,18.0,1.7508371758085628,1.43113753820956
1,01_01_a0101135010000300031z,1.0,0.6385886591478697,25.0,4.0,0.06203135463050793,0.780534005660202
2,01_01_a0101135010000300042z,0.6666666666666666,0.4550257155635062,20.0,11.0,1.000471058640794,0.7035588953473387
3,01_01_a0101135010001100026z,0.6666666666666666,0.2724299065420561,37.0,18.0,0.09175273223796768,0.5947720367837019
4,01_01_a0101135010001100037z,0.6666666666666666,0.2688323917137476,37.0,18.0,0.0921447005726003,0.5940231342648172
5,01_01_A0101135010001900032z,0.8333333333333334,0.23426962909441235,27.0,10.0,0.043146814875696805,0.6648053695421121
6,01_01_A0101135010001900041z,0.6666666666666666,0.4093716252699784,41.0,16.0,0.05309041806749123,0.6743796400564844
7,01_01_a0101135010002200032A,0.8333333333333334,0.6438882063882064,24.0,9.0,1.001968092306102,0.8008270226175436
8,01_01_a0101135010002200032B,0.6666666666666666,0.32637231503579955,31.0,19.0,1.0006616461673508,0.7804077428099548
9,01_01_a0101135010002200032D,0.6666666666666666,0.30514705882352944,26.0,15.0,1.0040047705842892,0.79058642466023
10,01_01_A0101135010002600058a,0.5,0.3900292755991286,68.0,36.0,0.0975050307096476,1.0084904082217718
11,01_01_A0101135010002600058b,0.5,0.4941620879120879,57.0,29.0,1.0005136919698343,0.9375163994424568
12,01_01_A0101135010002600058c,0.5,0.4941620879120879,57.0,29.0,1.0003388027516893,0.9414819307638851
13,01_01_A0101135010002600066z,0.5,0.623114849187935,59.0,32.0,0.10127899056062216,0.9661512421689464
14,01_01_a0101135010002600076z,0.3333333333333333,0.7193765664160401,74.0,40.0,0.13856577010588328,0.929930991085143
15,01_01_a0101135010002600077z,0.5,0.5729922493403694,36.0,18.0,1.4163600128147782,0.8987996779178953
16,01_01_a0101135010003000030z,0.6666666666666666,0.5665322580645161,24.0,16.0,1.4154218574382282,0.8570011642497265
17,01_01_a0101135010003000032z,0.6666666666666666,0.4623447204968945,22.0,14.0,1.41444892021905,0.714015997289119
18,01_01_A0101135010003800014z,0.3333333333333333,0.9463339222614842,48.0,28.0,2.0128705236692266,1.3442683261386112
19,01_01_a0101135010004900033A,0.6666666666666666,0.2155515939597316,26.0,10.0,1.4153360177524832,0.7037481794781446
20,01_01_a0101135010004900038z,0.8333333333333334,0.2665948275862069,21.0,13.0,1.0008171050700128,0.6607579334378172
21,01_01_a0101135010004900043z,0.6666666666666666,0.3186120379876797,25.0,13.0,1.0005370357232028,0.699598901196623
22,01_01_a0101135010005200042z,0.6666666666666666,0.5602550287356322,47.0,23.0,0.16549884983246707,0.9042664254287991
23,01_01_a0101135010005200043z,0.6666666666666666,0.4881414783427495,40.0,22.0,0.12714423083372012,0.8111738253939818
24,01_01_a0101135010005200054z,0.5,0.3614130434782609,56.0,28.0,0.11441212441939085,0.7809846646803003
25,01_01_a0101135010005600032z,0.5,0.2675469817767654,36.0,19.0,1.0015080497497344,0.7176275294964464
26,01_01_A0101135080001200060z,0.6666666666666666,0.4053927277432712,42.0,21.0,0.17651987863801735,0.7108657990254712
27,01_01_a0101135080001400034z,1.0,0.4237775259067357,23.0,12.0,0.042316940745913814,0.703234793112548
28,01_01_a0101135080001800024A,1.0,0.7036815633245382,21.0,8.0,0.06880686842828419,0.8117860523818142
29,01_01_a0101135080001800034z,0.8333333333333334,0.4540607985480944,27.0,15.0,0.03151817068475859,0.7381444145184204
30,01_01_a0101135080002300017z,0.3333333333333333,0.8107724834983498,41.0,26.0,1.7402592906319945,1.1887409389717378
31,01_01_a0101135080002300020z,0.3333333333333333,0.8251856435643564,42.0,26.0,1.7402290305420751,1.1936479492553558
32,01_01_A0101135080004400016z,0.3333333333333333,1.2961387434554974,48.0,28.0,2.014372946293982,1.5456379101854139
33,01_01_A0101135080004400020z,0.5,0.6131514350453172,36.0,20.0,1.7442139026226942,1.1035549913387916
34,01_01_A0101135080004400021z,0.5,1.1165697674418604,44.0,26.0,1.7510430418623808,1.4433731780110262
35,01_01_A0101135080004400032z,0.5,0.5975264350453172,32.0,18.0,1.7353209020456282,0.8890796206880548
36,01_01_A0101135080004400047z,0.5,0.5479302832244008,35.0,20.0,1.00356035875732,0.8072694418224708
37,01_01_a0101135080004500034A,0.8333333333333334,0.2455067254174397,27.0,14.0,1.0037026577485253,0.6407229050952782
38,01_01_a0101135080005500017z,0.3333333333333333,0.5488320079522863,43.0,25.0,2.007308480134719,0.9589160629251909
39,01_01_a0101135080005500019z,0.3333333333333333,0.532927435387674,44.0,25.0,2.0074677016501394,0.9715330230301756
40,01_01_a0101135080005500022z,0.3333333333333333,0.5256763527054108,44.0,25.0,2.0066965536523993,0.9756716674659652
41,01_01_a0101135080005500026z,0.3333333333333333,0.5256763527054108,44.0,25.0,2.00550008346868,1.0145278000256897
42,01_01_A0101135080005700022z,0.8333333333333334,0.7869146525679759,22.0,9.0,1.0037050968900336,0.9681760966711204
43,01_01_a0101135080005800031z,0.8333333333333334,0.5928884711779449,24.0,9.0,1.0021422716534545,0.7480223575312884
44,01_01_a0101135080005800046z,0.6666666666666666,0.4536616161616162,27.0,11.0,1.0024157396971072,0.6680181064680347
45,01_01_a0101135080005800047A,0.5,0.5565686425061425,29.0,12.0,1.0004447199502648,0.7201203188879027
46,01_01_a0101135080005800047z,0.5,0.5602765992167101,29.0,12.0,1.0008608763296405,0.7198947621197499
47,01_01_a0101135080007000014z,0.3333333333333333,0.7950690954773869,48.0,28.0,2.015410794252312,1.4909576900482415
48,01_01_a0101135080007000018z,0.3333333333333333,1.0137061403508771,47.0,28.0,2.0189379454233145,1.6253705757719965
49,01_01_A0101135080007100014z,0.16666666666666666,0.9307089222614842,35.0,27.0,1.7364304817377552,1.1972084975451511
50,01_01_A0101135080007100015a,0.16666666666666666,0.9394607843137256,39.0,24.0,1.7358029314787522,1.1746310282989587
51,01_01_a0101135080007500020z,0.3333333333333333,0.5738043171557562,34.0,21.0,2.004572408405512,0.8514829877776788
52,01_01_a0101135080007500021b,0.6666666666666666,0.3745785163776493,30.0,17.0,1.4165096971820677,0.8505450369262217
53,01_01_a0101135080007500021c,0.5,0.2578618421052632,31.0,19.0,1.7335294169794209,0.8246130853464619
54,01_01_a0101135080007500026a,0.8333333333333334,0.2699283392434988,22.0,12.0,1.0041823345644358,0.8395567017221787
55,01_01_a0101135080007800024z,0.8333333333333334,0.7433355734767024,21.0,13.0,1.0123462981523603,1.0334364238948963
56,01_01_a0101135080008200031A,0.8333333333333334,0.3107880434782609,19.0,7.0,1.0005562254822316,0.6097171389518888
57,01_01_a0101135080008200031B,0.8333333333333334,0.3108855078809107,19.0,7.0,1.0005436324494452,0.6097436952791383
58,01_01_a0101135080008200031C,0.8333333333333334,0.2170380434782609,18.0,9.0,1.0003323063756873,0.6661747427728765
59,01_01_a0101135080008500034a,0.5,0.3625946969696969,27.0,16.0,1.415590009491095,0.8232518419257177
60,01_01_a0101135080008500034b,0.5,0.40721883245382573,25.0,13.0,1.4160278145320389,0.9273084394282242
61,01_01_a0101135080008900015z,0.3333333333333333,0.5701781326781327,34.0,21.0,2.002639794850665,0.8269920510361101
62,01_01_a0101135080008900024z,0.8333333333333334,0.6903191896024465,28.0,16.0,1.0119246048186827,1.0659089260851666
63,01_01_a0101135080008900025z,0.8333333333333334,0.5202586206896552,28.0,15.0,1.0075621022662224,0.8925960959683223
64,01_01_a0101135080009700024A,0.6666666666666666,0.20547036749482409,27.0,10.0,1.414852296763446,0.6999824695787853
65,01_01_a0101135080009700024B,0.6666666666666666,0.3460953674948241,38.0,15.0,1.0015679180305592,0.6689822929497312
66,01_01_a0101135080009700033A,0.6666666666666666,0.2578430772994129,27.0,11.0,1.4146418043411793,0.6535755497402134
67,01_01_a0101135080009700033B,0.6666666666666666,0.2073365480961924,23.0,11.0,1.0007791070491885,0.5837953916900842
68,01_01_a0101135080010200010z,0.3333333333333333,1.090435606060606,37.0,22.0,2.0033770008236,1.2422732188425372
69,01_01_a0101135080010200044z,0.16666666666666666,0.2577769077448747,41.0,34.0,1.4152637398627976,0.7343099983251808
70,01_01_a0101135080010200049A,0.5,0.3547835990888383,33.0,21.0,1.002785705187741,0.7109533947321977
71,01_01_a0101135080010200049B,0.5,0.3589619252873564,33.0,21.0,1.0032768378977022,0.7155750149728979
72,01_01_a0101135080010200054c,0.5,0.4134877384196185,33.0,21.0,1.002084880412092,0.7540983636371579
73,01_01_a0101135080010300019z,0.3333333333333333,0.6949257425742574,30.0,20.0,2.0015990279125133,0.935743714429612
74,01_01_a0101135080010300035z,0.6666666666666666,0.4108821902654868,29.0,17.0,0.1196857901499795,0.7318204365251747
75,01_01_a0101135080010300036z,0.6666666666666666,0.4552383592017738,38.0,18.0,1.005041679019623,0.8065185951453003
76,01_01_a0101135080010700022A,0.5,0.29401408450704225,21.0,15.0,1.4186870969883143,0.8162574215327711
77,01_01_a0101135080010700044z,0.6666666666666666,0.2910799050632912,24.0,19.0,1.0020444565461026,0.6988527281039586
78,01_01_a0101135080010900023A,0.8333333333333334,0.2376043841336117,24.0,15.0,1.0056664238088722,0.6609562175283726
79,01_01_a0101135080010900023B,1.0,0.21704953798767967,15.0,10.0,0.05986425392406899,0.6471759353122046
80,01_01_a0101135080010900023C,0.8333333333333334,0.36043167960088696,23.0,15.0,1.0029499624949425,0.7885689629655187
81,01_01_a0101135080010900033a,0.8333333333333334,0.2439916938997821,21.0,11.0,1.0007733047021359,0.6106622958269509
82,01_01_a0101135080010900044z,0.6666666666666666,0.27594339622641506,33.0,21.0,0.09163994981625803,0.7496986370884442
83,01_01_a0101135080010900055a,0.6666666666666666,0.33305256064690025,45.0,21.0,0.1685197369526008,0.8073397797581532
84,01_01_A0101135080011100012c,0.3333333333333333,0.8205885600706713,35.0,21.0,2.0050878234219565,1.0963671192168771
85,01_01_A010113508001110007b-1,0.16666666666666666,0.8138837638376384,43.0,23.0,2.010461336428382,1.0179540638841291
86,01_01_A010113508001110007b,0.16666666666666666,0.6161743515850144,45.0,25.0,2.004333505848381,1.0236825536654617
87,01_01_a0101135080011300055z,0.3333333333333333,0.21174698795180724,39.0,28.0,1.0157348877187091,0.7828267928876895
88,01_01_a0101135080011300061z,0.3333333333333333,0.2712140992167101,49.0,33.0,1.004080290659234,0.8264086186026178
89,01_01_a0101135080011900033A,0.8333333333333334,0.2734375,27.0,15.0,0.05138210898577676,0.7892719458420856
90,01_01_a0101135080011900033b,0.8333333333333334,0.4357473150357996,36.0,17.0,0.11885465628160685,0.7520350858689004
91,01_01_a0101135080011900033c,0.8333333333333334,0.4183451552462527,32.0,19.0,0.07563799161485461,0.7476173513278483
92,01_01_a0101135080011900043z,0.6666666666666666,0.3060947204968944,40.0,21.0,0.1027839575540537,0.7683044049843857
93,01_01_a0101135080011900045z,0.6666666666666666,0.5487900417827298,40.0,22.0,0.1389887304906047,0.8437207903673747
94,01_01_A0101135080012200017f,0.3333333333333333,0.4578916139240506,35.0,22.0,2.0022408476996247,0.8211161515743373
95,01_01_A0101135080012200018a,0.3333333333333333,0.5846449209245742,35.0,21.0,2.007188682398412,0.9336413058594979
96,01_01_a0101135080012700048C,0.5,0.5765858208955223,46.0,21.0,0.11099577661566444,0.8654293189088662
97,01_01_a0101135080012700056B,0.5,0.5806299603174603,43.0,24.0,0.1152245717968488,0.9168414844340544
98,01_01_a0101135080014700026z,0.6666666666666666,0.6675843253968254,20.0,16.0,1.4165483319023702,0.9749316553070322
99,01_01_a0101135080014700028z,0.6666666666666666,0.550031969309463,26.0,16.0,1.417617387720895,0.7626854440253665
100,01_01_a0101135080014700032A,0.8333333333333334,0.4758306962025316,21.0,9.0,1.0022175121916936,0.7044047831744983
101,01_01_a0101135080014700033z,0.5,0.18404479847494554,27.0,17.0,1.4147940084234785,0.6816362339727723
102,01_01_a0101135090000300024z,0.5,0.7154661016949152,20.0,16.0,1.7349201084371324,0.9459898690671736
103,01_01_a0101135090000300034z,0.8333333333333334,0.1922631766381766,22.0,7.0,1.006061031988311,0.7013142878789205
104,01_01_A0101135090000400023b,0.6666666666666666,0.6193181818181818,23.0,16.0,1.4160384751168826,0.8251987136758779
105,01_01_A0101135090000400032z,0.5,0.6589983713355049,29.0,19.0,1.4156598452911626,0.9151084519088708
106,01_01_A0101135090000400034z,0.6666666666666666,0.6368569131832797,24.0,14.0,1.0074815886919333,0.8837979421227833
107,01_01_A0101135090000400044z,0.3333333333333333,0.575828530259366,45.0,26.0,1.005160828517866,0.8738964294513692
108,01_01_a0101135090000500013z,0.3333333333333333,0.8650529371584699,40.0,22.0,2.0035971205984464,1.3555775066218356
109,01_01_a0101135090000500032z,0.8333333333333334,0.3480558455114823,22.0,11.0,0.051256421363312515,0.648463281840678
110,01_01_a0101135090001000033z,0.6666666666666666,0.612726586102719,22.0,17.0,1.4160955365239551,0.8062014423834818
111,01_01_a0101135090001000044z,0.6666666666666666,0.4675822368421053,28.0,21.0,0.09533649839202812,0.6078648092297554
112,01_01_A0101135090001800024z,0.8333333333333334,0.5202250608272506,22.0,13.0,1.0073799702041522,0.7939961709209542
113,01_01_A0101135090001800031z,1.0,0.4339701552462527,18.0,12.0,0.037215880622224064,0.6114515438027289
114,01_01_A0101135090001800033z,0.8333333333333334,0.22851991758241766,17.0,11.0,1.0017602427185974,0.6939198977443897
115,01_01_A0101135090002000025z,0.16666666666666666,0.7908568904593639,30.0,22.0,2.0024362263542144,0.9258741285371296
116,01_01_A0101135090002000032z,0.8333333333333334,0.4101480949895616,24.0,11.0,1.0005916529218832,0.6793568444431682
117,01_01_A0101135090002500025z,0.16666666666666666,0.685057003257329,37.0,25.0,1.7371737584859224,0.8744645756010955
118,01_01_A0101135090002500032z,0.6666666666666666,0.5373479554865425,31.0,15.0,1.0009933424428878,0.7276967789677783
119,01_01_A0101135090003000035z,0.3333333333333333,0.4375,27.0,21.0,1.4145852411864654,0.7298523775622893
120,01_01_a0101135090003100024z,0.6666666666666666,0.6418343653250774,24.0,14.0,1.4166667373054298,0.8932557415839489
121,01_01_a0101135090003100042z,0.8333333333333334,0.7781195557491289,25.0,16.0,0.0875522958045965,0.9189748946091756
122,01_01_a0101135090003800024z,0.6666666666666666,0.6561495176848875,24.0,14.0,1.4171829904552757,0.8987865532355458
123,01_01_a0101135090003800033z,0.8333333333333334,0.6900396671826625,29.0,7.0,0.09767157376177536,0.7699315971655115
124,01_01_a0101135090003800038z,0.8333333333333334,0.8024473566308243,23.0,16.0,0.11486589410477048,0.9197260752685084
125,01_01_a0101135090004400025z,0.5,0.6454510703363915,30.0,15.0,1.7333178243003031,0.8333485568490376
126,01_01_a0101135090004400027z,0.5,0.6393348623853211,30.0,15.0,1.7336404503801577,0.8422474300903148
127,01_01_a0101135090004400031z,0.8333333333333334,0.7081270627062707,21.0,5.0,1.0035200881595638,0.8972757046913039
128,01_01_a0101135090004400032z,1.0,0.6277017291066282,23.0,10.0,0.07917142777399612,0.7682896545445614
129,01_01_A0101135090004700036z,0.8333333333333334,0.4009179265658748,30.0,13.0,0.049681767846353496,0.7697058919112271
130,01_01_A0101135090004700042z,0.5,0.4816451149425287,37.0,22.0,0.05034731867197837,0.7407965392378152
131,01_01_A0101135090004700047z,0.5,0.4724506578947368,55.0,29.0,0.05459015462936636,0.7485009988199491
132,01_01_A0101135090004700049z,0.5,0.3240122126436782,51.0,29.0,1.0036346804736584,0.6794503814973203
133,01_01_A0101135090005200045z,0.3333333333333333,0.2664518088552916,48.0,25.0,0.1035054585297869,0.6463110303723131
134,01_01_a0101135090006400055z,0.5,0.3150396671826625,53.0,23.0,0.1609115069628406,1.0143251433831482
135,01_01_a0101135090006400063z,0.3333333333333333,0.5332532051282052,46.0,28.0,0.08858470141973364,0.8754417489953519
136,01_01_a0101135090006400065z,0.5,0.5626781351791531,60.0,28.0,0.1390523453636374,1.0119577615829598
137,01_01_a0101135090006400073z,0.5,0.5395635932944607,67.0,37.0,0.12620477494735116,0.9143976147892624
138,01_01_A0101135090006700027z,0.8333333333333334,0.3167462845010616,18.0,7.0,1.0019169368741283,0.7058720387553525
139,01_01_A0101135090006700032z,0.8333333333333334,0.20547036749482397,20.0,7.0,1.0011553198468228,0.6286605624260887
140,01_01_A0101135090006700033z,0.8333333333333334,0.30430359336609336,22.0,5.0,1.0018521970356693,0.6115443513381639
141,01_01_A0101135090006700038z,0.6666666666666666,0.2638967268623025,22.0,13.0,1.0012889437638732,0.6695876113893102
142,01_01_A0101135090006800022a,0.5,1.2873720760233918,44.0,26.0,1.7521770183090015,1.5762810851528906
143,01_01_a0101135090006900058z,0.16666666666666666,0.3219880490956072,49.0,29.0,1.0040553601924396,0.8321909862331933
144,01_01_a0101135090007000049z,0.5,0.254390666226913,37.0,18.0,1.007308784351563,0.7804209836990681
145,01_01_a0101135090007000051z,0.5,0.488765666226913,44.0,27.0,1.0069984632718283,0.7654973400549326
146,01_01_a0101135090007000053z,0.5,0.36713261124121777,41.0,22.0,1.0018759299886728,0.7501838028927487
147,01_01_a0101135090007900033A,0.5,0.8481463878326996,35.0,19.0,1.4187717079929405,1.180745615245771
148,01_01_a0101135090007900033C,0.3333333333333333,0.6782729805013927,38.0,26.0,1.735966463124367,0.9955371965630816
149,01_01_a0101135090007900033D,0.6666666666666666,0.8636509773662551,36.0,20.0,1.4203343747663588,1.3045022750975757
150,01_01_a0101135090008400046A,0.6666666666666666,0.27820411392405064,24.0,19.0,1.0043618412640871,0.7323232940738168
151,01_01_a0101135090008400046B,0.5,0.3218310889929742,27.0,17.0,1.4144767759088368,0.6648878600177239
152,01_01_a0101135090008400052z,0.8333333333333334,0.266830956375839,36.0,20.0,0.13939944148820574,0.6125800392873642
153,01_01_a0101135090008500022B4,0.5,1.3263976130653266,44.0,26.0,1.749739394270542,1.6067485813291966
154,01_01_a0101135090008500022B5,0.5,1.3263976130653266,44.0,26.0,1.7499219328948472,1.6070957213033412
155,01_01_A0101135090008500034B7,0.3333333333333333,0.5026629072681704,32.0,18.0,1.7346616359833475,0.7920505172832814
156,01_01_A0101135090008500035B10,0.5,0.5210199511400652,30.0,18.0,1.7382944368939108,1.000973207760826
157,01_01_a0101135090008800033z,0.5,0.6066786504424779,29.0,18.0,1.4162982656950656,0.8846411391797359
158,01_01_A0101135090009000021e,0.5,0.7150287256267409,27.0,20.0,1.7336384896926793,0.8835873516176219
159,01_01_A0101135090009000022b,0.6666666666666666,0.7213283828382838,27.0,15.0,1.4152663543460169,0.9983097048722772
160,01_01_a0101135090009700040z,0.5,0.5596052631578947,29.0,16.0,1.416225103261774,0.7148376745664491
161,01_01_a0101135090009800032z,0.6666666666666666,0.449703166226913,22.0,10.0,1.0021484632330626,0.6989910398737571
162,01_01_a0101135090009900032A,0.8333333333333334,0.1853677293064877,24.0,12.0,1.0016162338159007,0.6986695725639521
163,01_01_a0101135090009900032B,0.8333333333333334,0.1448003653444676,21.0,7.0,1.0020964353219637,0.6364605684689233
164,01_01_a0101135090009900038z,0.8333333333333334,0.1902863995485328,24.0,14.0,1.0015978542584665,0.6966361139870928
165,01_01_a0101135090009900044A,0.3333333333333333,0.2330824209245742,37.0,25.0,1.0135350725695602,0.7352956037360905
166,01_01_a0101135090009900044B,0.3333333333333333,0.270015666226913,37.0,25.0,1.01669514803423,0.7705743423330527
167,01_01_a0101135090009900050z,0.3333333333333333,0.284625,38.0,23.0,1.0114395812360424,0.7602330672014921
168,01_01_a0101135090009900060z,0.3333333333333333,0.2768125,41.0,25.0,1.0175365853410017,0.8180566310968801
169,01_01_a0101135090009900072z,0.3333333333333333,0.4286625364431487,57.0,30.0,0.19348499700505795,0.8958841142230375
170,01_01_a0101135090010000058z,0.5,0.5672934322033898,53.0,25.0,1.0040016498349782,1.079600467032375
171,01_01_a0101135090010700038z,0.5,0.08669031049250531,35.0,17.0,1.0008903274265828,0.6714878599443803
172,01_01_a0101135090010700045z,0.5,0.1031667094455852,35.0,17.0,1.0007987271381735,0.6716034074220841
173,01_01_a0101135090010700050z,0.6666666666666666,0.5238970588235294,39.0,17.0,0.1422466824852026,0.8196721683413372
174,01_01_a0101135090011000033z,0.8333333333333334,0.2270315734989648,20.0,11.0,0.04093160402651703,0.619623255849961
175,01_01_a0101135090011000044z,0.6666666666666666,0.2959766427104723,28.0,16.0,0.054636622167946416,0.6912009461095915
176,01_01_a0101135090011100032B,0.6666666666666666,0.4760817307692308,28.0,15.0,1.4158546964610277,0.7562651673128867
177,01_01_a0101135090011100047z,0.6666666666666666,0.4531949105145414,26.0,13.0,1.0026292116704354,0.7055660664959718
178,01_01_a0101135090011500054A,0.5,0.5280375608272506,44.0,21.0,1.0016587211079575,0.811605253125646
179,01_01_a0101135090011900051A,0.6666666666666666,0.4660487288135593,42.0,25.0,0.14043074131335515,0.8755322864004993
180,01_01_a0101135090011900051B,0.5,0.3635352167182663,37.0,21.0,0.09368703353058568,0.8533987634814227
181,01_01_a0101135090012800031z,0.6666666666666666,0.5084812108559499,25.0,16.0,1.0011169538453466,0.7334903174366598
182,01_01_a0101135090012800042z,0.5,0.5233826112412178,36.0,19.0,0.1349413848630536,0.7215114527383872
183,01_01_a0101135100000500027z,0.6666666666666666,0.678542345276873,28.0,14.0,1.417468238841731,0.9306462101594324
184,01_01_a0101135100000500032z,1.0,0.3663719989561587,21.0,12.0,0.031214893488131782,0.6537589990608569
185,01_01_A0101135100000600038z,1.0,0.3979276315789474,22.0,12.0,0.04148831177779709,0.6479504227791679
186,01_01_a0101135100001100031A,0.5,0.5784513707571801,28.0,14.0,1.7324678207707471,0.8247601064125758
187,01_01_a0101135100001100031z,0.5,0.5823239664082688,28.0,14.0,1.7324643854342885,0.8214093075955013
188,01_01_a0101135100001100032z,0.5,0.5784513707571801,28.0,14.0,1.7325492183947084,0.8292823954041372
189,01_01_a0101135100002100038z,0.8333333333333334,0.5884433962264151,21.0,12.0,1.001860620211082,0.7678609691811231
190,01_01_A0101135100003000025z,0.8333333333333334,0.1431395884520884,18.0,13.0,1.0019237391791909,0.6928188993113334
191,01_01_A0101135100003000032z,1.0,0.5596150606469003,18.0,10.0,0.0602763637690233,0.7184561577819141
192,01_01_A0101135100003000045z,0.3333333333333333,0.275377277904328,44.0,23.0,1.0017484886199544,0.6898912326372575
193,01_01_A0101135100003500015z,0.3333333333333333,0.5041510558583107,32.0,17.0,2.0016916735315538,0.8382299037765498
194,01_01_A0101135100003500033z,0.8333333333333334,0.609909188034188,25.0,7.0,1.002412859360352,0.7441553875206256
195,01_01_A0101135100003500038z,0.6666666666666666,0.21955210472279266,25.0,11.0,1.001206705502948,0.6202213925997603
196,01_01_a0101135100003800025z,0.5,0.6569357366771159,28.0,15.0,1.7340249103607694,0.8027519326530486
197,01_01_a0101135100003800032z,0.8333333333333334,0.4537558229813665,24.0,15.0,0.03777512599579075,0.6994421895757015
198,01_01_a0101135100003800040z,0.6666666666666666,0.3282554801670146,31.0,11.0,1.0004962980233116,0.680734433648796
199,01_01_a0101135100004000030z,0.8333333333333334,0.5090990453460621,23.0,13.0,1.0019552089265942,0.7425661122593417
200,01_01_a0101135100004000042z,0.8333333333333334,0.4370192307692308,25.0,16.0,0.08311190981628111,0.6315921889482462
201,01_01_a0101135100004200037A,0.8333333333333334,0.5166219547563805,17.0,13.0,0.03773026523455138,0.6632472946402961
202,01_01_a0101135100004200037B,1.0,0.4486875,17.0,4.0,0.0727509760735741,0.6903248142387396
203,01_01_a0101135100004400042z,0.6666666666666666,0.4511674259681093,35.0,13.0,0.055512925852184,0.6373566469657732
204,01_01_a0101135100006500020z,0.3333333333333333,0.537750626566416,39.0,22.0,2.0008132270358816,0.8538880988777151
205,01_01_a0101135100006500022z,0.5,0.574703166226913,35.0,21.0,1.7363125532211154,0.8963854724686671
206,01_01_a0101135100006500038A,0.5,1.1074507389162562,31.0,15.0,1.4225635409162314,1.2628042581177272
207,01_01_a0101135100007800031A,0.6666666666666666,0.477096688034188,24.0,13.0,1.0033733959152589,0.731620685291636
208,01_01_a0101135100007800031B,0.8333333333333334,0.1982486263736264,24.0,15.0,1.0019008437133192,0.6480948656427625
209,01_01_a0101135100007800037b,0.6666666666666666,0.18648758099352053,20.0,16.0,1.0008249789143675,0.6412105345060486
210,01_01_a0101135100007800041S,0.5,0.43825281049250536,41.0,23.0,0.0380207821331368,0.6412249511058806
211,01_01_a0101135100008000078A,0.3333333333333333,0.3971205865603644,65.0,31.0,0.11841175661952927,0.8792685848313858
212,01_01_a0101135100008000080z,0.3333333333333333,0.4194001182033097,87.0,43.0,0.068968016544317,0.8396873529256941
213,01_01_a0101135100008000087z,0.16666666666666666,0.490875626566416,85.0,42.0,0.08380523926313657,0.9012159699399463
214,01_01_a0101135100008000088z,0.3333333333333333,0.2174574209245742,64.0,36.0,0.1333839379642274,0.8643336851603661
215,01_01_A0101135102000100026z,0.5,0.6533730158730159,26.0,17.0,1.7338590197915882,0.8236079879608932
216,01_01_A0101135102000100032z,0.8333333333333334,0.6967643805309734,26.0,13.0,0.0836963929916083,0.8039756978133915
217,01_01_A0101135110000100048z,0.6666666666666666,0.21458803611738156,35.0,25.0,0.11697640526886036,0.7055901593406742
218,01_01_A0101135110000100052z,0.6666666666666666,0.403304881489842,35.0,23.0,0.09641138410114618,0.7250429701613507
219,01_01_A0101135110000100065z,0.5,0.3977130325814536,68.0,37.0,0.07338447372383926,0.7194549059444961
220,01_01_a0101135110000200038z,0.5,0.5345350404312669,33.0,19.0,1.4152900609909616,0.8657651442755402
221,01_01_A0101135110000200039z,0.6666666666666666,0.5281666666666667,21.0,16.0,1.4155347239061251,0.8102833842299288
222,01_01_A0101135110000300032z,0.5,0.5282127429805615,22.0,18.0,1.4145454455450133,0.7425815077217102
223,01_01_A0101135110000600034z,0.5,0.5246459694989107,26.0,18.0,1.4143846550124048,0.764297524322964
224,01_01_A0101135110000700019z,0.3333333333333333,0.31559201846965695,34.0,22.0,2.0026027954153447,1.0158663820079412
225,01_01_A0101135110000700037z,0.5,0.4897875816993464,25.0,10.0,1.4149148713179711,0.6378965607110334
226,01_01_A0101135110001100035z,0.6666666666666666,0.5453167115902965,24.0,18.0,1.4148219978441106,0.8201279500535072
227,01_01_A0101135110001200035z,0.6666666666666666,0.5388333333333334,24.0,18.0,1.4150329022533603,0.8191241577255193
228,01_01_A0101135110001200046z,0.6666666666666666,0.11254503880266076,32.0,16.0,0.033042681693262056,0.6708515767789821
229,01_01_A0101135110001300069z,0.3333333333333333,0.4487050248138957,72.0,41.0,1.006566962510986,0.7285691801331967
230,01_01_a0101135110001600035z,0.3333333333333333,0.4261576552462527,40.0,28.0,1.4155356489085194,0.6869180405435182
231,01_01_A0101135110001700025z,0.3333333333333333,0.6741036442006271,31.0,18.0,1.733742857320106,0.8136037674090881
232,01_01_A0101135110001700032b,1.0,0.5524233028720626,22.0,12.0,0.07156547158616484,0.7869665514843951
233,01_01_A0101135110001700037z,0.8333333333333334,0.5602621483375959,32.0,13.0,0.10789817123407404,0.7171291725666536
234,01_01_A0101135110002000043z,0.5,0.45028237951807226,37.0,24.0,1.01177233373466,0.8984809661665808
235,01_01_A0101135110002000054z,0.5,0.3189955865603644,32.0,23.0,1.0061730071375872,0.7206598377810921
236,01_01_A0101135110002100054z,0.5,0.314439777904328,32.0,23.0,1.0059487155602715,0.7137076423605923
237,01_01_A0101135110002200033z,0.5,0.7318143812709029,36.0,26.0,1.4213788919609631,0.9575918570537699
238,01_01_A0101135110002300044z,0.5,0.3685947204968944,29.0,16.0,1.0059448866038012,0.6519072068815567
239,01_01_A0101135110002400035z,0.16666666666666666,0.4634179265658747,46.0,29.0,1.733688390842441,0.8205626980333315
240,01_01_A0101135110002500048z,0.6666666666666666,0.20987136465324385,35.0,25.0,0.12174701777275032,0.7057724753643859
241,01_01_A0101135110002500052z,0.6666666666666666,0.4039691091954023,35.0,23.0,0.08982683686289808,0.7313176665047963
242,01_01_A0101135110002500065z,0.5,0.39686724565756826,64.0,37.0,0.08472053961684024,0.7059112648205479
243,01_01_a0101135120000100022z,0.5,0.6542042889390519,30.0,16.0,1.7335448338519257,0.7842154369995648
244,01_01_a0101135120000100035z,0.8333333333333334,0.6096359603340292,19.0,11.0,1.000207027013271,0.7620755943715599
245,01_01_a0101135190000500032C,0.3333333333333333,0.6699159021406728,34.0,21.0,1.7384156997430693,1.1109093458845871
246,01_01_a0101135190000500033B,0.16666666666666666,0.6272286442006271,40.0,25.0,2.010307274488334,1.0814732802808076
247,01_01_A0101135220000100022z,0.3333333333333333,0.7154661016949152,28.0,17.0,1.7366121235678054,0.9293578444289294
248,01_01_A0101135220000100026z,0.16666666666666666,0.5988832853025937,33.0,20.0,1.7364316561079227,0.8659073385524853
249,01_01_A0101135220000100034z,0.5,0.5931195965417867,32.0,16.0,1.007819222247847,0.8769447486070312
250,01_01_A0101135220000200046z,0.8333333333333334,0.31731907894736844,24.0,15.0,0.04891405549931395,0.6051137920189177
251,01_01_A0101135220000300015z,0.3333333333333333,1.0037100456621004,39.0,21.0,1.7354267721365788,1.1651875213919192
252,01_01_A0101135220000300017z,0.6666666666666666,0.4623559077809798,20.0,13.0,1.4225489398391862,0.968067149324766
253,01_01_A0101135220000300018z,0.16666666666666666,0.6027421652421653,35.0,21.0,1.7379562459777207,0.9242188058006672
254,01_01_A0101135220000300021z,0.5,0.6914878731343284,30.0,19.0,1.7356074139901283,0.8915985858423493
255,01_01_a0101135220000400015z,0.3333333333333333,1.0365338164251208,35.0,21.0,2.02631121813581,1.269506168177262
256,01_01_A0101135220000400017z,0.16666666666666666,1.0346563981042654,41.0,25.0,2.0019123498936526,1.1938964204505242
257,01_01_A0101135220000400021z,0.3333333333333333,0.5988832853025937,28.0,17.0,1.7373695438810817,0.861203898096827
258,01_01_A0101135220000500031z,0.8333333333333334,0.3552380346232179,22.0,13.0,0.038525982805191004,0.7274454907262857
259,01_01_A0101135230000100027z,0.6666666666666666,0.5719880490956072,22.0,11.0,1.4163614445329504,0.8089005984717876
260,01_01_A0101135230000100032z,0.8333333333333334,0.2401650574112735,24.0,11.0,1.0007033420083429,0.6399508062021222
261,01_01_a0101135230001000018z,0.3333333333333333,1.0102026255707763,32.0,19.0,2.0123464749120608,1.2250399420386178
262,01_01_a0101135230001000022z,0.16666666666666666,0.4568878239740821,30.0,25.0,2.0038931140706766,0.7205515015344262
263,01_01_a0101135230001000026z,0.5,0.5445530185758514,27.0,17.0,1.743215406674329,0.9989148771341121
264,01_01_a0101135230001600014z,0.3333333333333333,0.9580479452054796,33.0,21.0,2.0111232691848264,1.1931092661229843
265,01_01_a0101135230001600017z,0.5,0.6046641791044776,25.0,14.0,1.4227128341151678,0.9875574900372576
266,01_01_a0101135230001600021z,0.3333333333333333,0.5685541310541311,23.0,15.0,1.737164248866405,0.8103437363148737
267,01_01_a0101135230001900023z,0.3333333333333333,0.5666989664082688,32.0,14.0,2.0022757222274588,0.8401144085525996
268,01_01_a0101135230001900032z,0.6666666666666666,0.3990460526315789,25.0,15.0,1.4145969941980214,0.6440183419772221
269,01_01_A0101135240000800031z,0.5,0.6781071937321937,25.0,14.0,1.4160677992565658,0.8125604945017353
270,01_01_A0101135240000800034z,0.5,0.6046641791044776,27.0,18.0,1.4160455576423667,0.9005419894938318
271,01_01_A0101135240000900011z,0.16666666666666666,0.45583611396303897,39.0,24.0,2.0156201941854057,0.8473348338418621
272,01_01_A0101135240000900013z,0.16666666666666666,0.6001602564102564,34.0,22.0,2.0074786250146675,1.019141299599021
273,01_01_A0101135240000900017z,0.3333333333333333,0.10580878450106156,25.0,19.0,1.7337354199289134,0.6838849279654655
274,01_01_A0101135240001200023z,0.3333333333333333,0.7619837758112095,36.0,25.0,1.7437366579471825,1.0150305494419098
275,01_01_A0101135240001200025z,0.3333333333333333,0.7780572755417957,34.0,17.0,1.742858263272025,1.0179113502681547
276,01_01_A0101135240001200031z,0.6666666666666666,0.5697314049586777,32.0,16.0,1.416693169342098,0.8706441593860781
277,01_01_A0101135240001200034z,0.6666666666666666,0.5712047353760445,29.0,16.0,1.4160594008090372,0.8673078002397521
278,01_01_A0101135240001300023z,0.3333333333333333,0.7479477611940298,36.0,25.0,1.7439776872587036,1.0114897830016454
279,01_01_A0101135240001300025z,0.3333333333333333,0.7738914373088684,34.0,17.0,1.7433272156599502,1.0139661222663732
280,01_01_A0101135240001300031z,0.6666666666666666,0.5642217630853994,32.0,16.0,1.4167536089740267,0.870321375050537
281,01_01_A0101135240001300034z,0.6666666666666666,0.5656337047353759,29.0,16.0,1.4165890917003112,0.8731394637236927
282,01_01_A0101135240001400047z,0.3333333333333333,0.2844888952164009,52.0,24.0,1.0036356940142095,0.7134114381457888
283,01_01_A0101135240001500032z,0.6666666666666666,0.2908076722338205,24.0,14.0,1.4147349398121518,0.6814163908319423
284,01_01_A0101135240001500048z,0.6666666666666666,0.2373111263736264,32.0,21.0,0.05750801554948948,0.7570808671675128
285,01_01_A0101135240001500059z,0.6666666666666666,0.26151315789473684,54.0,34.0,0.08325297754792274,0.7479179931600729
286,01_01_a0101135240001600018z,0.5,0.6065962099125365,25.0,14.0,1.4219603128793352,0.987854853887698
287,01_01_a0101135240001600022z,0.16666666666666666,0.5642217630853994,38.0,26.0,1.7366311590676715,0.8710066995063597
288,01_01_a0101135240001600026z,0.16666666666666666,0.5891034985422741,40.0,26.0,1.7367647427789143,0.8891799004755603
289,01_01_A0101135240002000032z,1.0,0.27202298050139273,18.0,8.0,0.07867390401278702,0.7647383942460233
290,01_01_a0101135240002200031z,0.6666666666666666,0.5767712682672234,25.0,14.0,1.4146259682801834,0.7518057322908773
291,01_01_A0101135240002300030z,0.5,0.29806926751592355,25.0,16.0,1.7323456836512656,0.6643458851971666
292,01_01_A0101135240002300048z,0.5,0.4541037087912088,26.0,22.0,1.000797526697392,0.5692887070206077
293,01_01_a0101135240003000048z,0.5,0.10069836343115124,33.0,19.0,1.0010522486215705,0.6628982803948864
294,01_01_a0101135240003000055z,0.5,0.41117756064690025,36.0,22.0,0.14420582966275722,0.7607801443024863
295,01_01_a0101135240003000061A,0.5,0.38836080287206265,41.0,22.0,0.051516136721649966,0.7817764001504948
296,01_01_a0101135240003000061B,0.6666666666666666,0.42029469373219375,33.0,18.0,0.0493559273559016,0.7029234945376135
297,01_01_A0101135270000200034z,0.6666666666666666,0.5522501740947076,24.0,17.0,1.4146724047094414,0.808713733406663
298,01_01_A0101135270000200046z,0.6666666666666666,0.2589485458612976,35.0,10.0,0.0979079254436762,0.6773137283406181
299,01_01_A0101135270000200055z,0.3333333333333333,0.2775862068965518,50.0,29.0,1.005206851112673,0.6704112939862675
300,01_01_A0101135270000500024z,0.3333333333333333,0.6881811989100818,25.0,19.0,1.7365879485367726,0.8317411365908016
301,01_01_A0101135270000500031z,0.6666666666666666,0.25648615424430643,30.0,14.0,1.000706214310208,0.6604574562035465
302,01_01_A0101135270000500042z,0.6666666666666666,0.2807692307692308,20.0,9.0,1.0002020481415148,0.6819188189372274
303,01_01_a0101135270000600028z,0.6666666666666666,0.1864834337349398,23.0,18.0,1.4163112343922757,0.6923529996130261
304,01_01_A0101135270000700023z,0.16666666666666666,0.5716107871720116,33.0,21.0,1.7360444924559826,0.8968986791289126
305,01_01_A0101135270000700026z,0.6666666666666666,0.5335,24.0,14.0,1.4146487095451303,0.7576076712753081
306,01_01_A0101135270000700032z,0.6666666666666666,0.4116776315789474,28.0,14.0,1.0045319353329691,0.634019370366256
307,01_01_A0101135270000800034z,0.8333333333333334,0.3630263157894737,23.0,13.0,1.0003731607440385,0.6481808563401229
308,01_01_a0101135270001100028z,0.5,0.6867985681114551,25.0,17.0,1.4162101687245758,0.8291290036026536
309,01_01_A0101135270001100038z,1.0,0.674919750755287,25.0,10.0,0.08133407790348171,0.7851023132866607
310,01_01_A0101135270001200035z,0.5,0.6007653061224489,29.0,15.0,1.7327879669108133,0.8385603506102759
311,01_01_A0101135270001600036z,0.6666666666666666,0.6026917404129793,31.0,12.0,1.0049725677259351,0.8678316365618982
312,01_01_A0101135270001800037z,0.6666666666666666,0.5860217318059299,24.0,14.0,1.415929512107753,0.8347563308815916
313,01_01_A0101135270002800054z,0.3333333333333333,0.4495342966573817,39.0,24.0,1.4184831114466772,0.8527347497675729
314,01_01_A0101135270002800061z,0.6666666666666666,0.2085375816993464,26.0,14.0,1.0058568135756398,0.7733324972562623
315,01_01_A0101135270002800072z,0.3333333333333333,0.18774477806788514,44.0,26.0,0.18119280936878027,0.7774386382217683
316,01_01_A0101135270003100023z,0.6666666666666666,0.6225746268656717,26.0,15.0,1.4160614741548625,0.8345007062154978
317,01_01_A0101135270003100025z,0.6666666666666666,0.6166044776119403,28.0,14.0,1.4160419253750605,0.8500568427171713
318,01_01_A0101135270003100035z,0.8333333333333334,0.5815,27.0,14.0,0.05907553998004365,0.7233569624364986
319,01_01_A0101135270003100045z,0.8333333333333334,0.4905774297423887,26.0,17.0,0.04940236076701983,0.7415473639108051
320,01_01_A0101135270003200047z,0.5,0.255953577170418,28.0,17.0,1.4247211527877786,0.6354325027950704
321,01_01_A0101135270004100074z,0.16666666666666666,0.36492330287206265,76.0,43.0,0.1314535485837361,0.7976507293916725
322,01_01_A0101135270004200035A,0.6666666666666666,0.2822469547563805,24.0,8.0,1.4154926228254041,0.6708395321566195
323,01_01_A0101135270004200035B,0.8333333333333334,0.468361801242236,26.0,8.0,1.0023060240625317,0.7857006486487499
324,01_01_A0101135270004200050B,0.8333333333333334,0.4546945541760722,18.0,14.0,1.0041725619081754,0.7856110016607588
325,01_01_A0101135270004200057z,0.6666666666666666,0.6644597457627118,45.0,21.0,0.15185326784799366,0.9998707208066792
326,01_01_A0101135270004200068B,0.5,0.3107995379876797,34.0,23.0,1.0034867701633892,0.8570889226884837
327,01_01_A0101135270004200101z,0.16666666666666666,0.35080329153605017,73.0,42.0,1.01045873438151,1.0200112994024229
328,01_01_A0101135270004300048z,0.6666666666666666,0.5486631471389646,28.0,9.0,1.4150446455064234,0.7465410909771628
329,01_01_A0101135270004300066a,0.8333333333333334,0.20619877049180324,18.0,17.0,0.0716970140918775,0.7194213707993143
330,01_01_A0101135270004300067a,1.0,0.8125864852398524,24.0,8.0,0.1038892365895452,1.0969530184392928
331,01_01_A0101135270004300068b,0.6666666666666666,0.4929969879518072,39.0,23.0,0.08999611936360873,0.8767437634947731
332,01_01_A0101135270004300081z,0.3333333333333333,0.5692875364431487,56.0,37.0,0.18672727147904947,0.9615913412368452
333,01_01_A0101135270005200052z,0.6666666666666666,0.44943019943019946,47.0,24.0,0.2512747813500349,0.8431105522241986
334,01_01_a0101135270005400053z,0.16666666666666666,0.5244565217391305,41.0,26.0,1.0070512303032393,0.7355284815334584
335,01_01_A0101135270005700034b,0.5,0.4493617957746479,27.0,20.0,1.7335510934839968,0.897117037204263
336,01_01_A0101135270005700034z,0.5,0.4595416066282421,28.0,17.0,1.7355764948224568,0.9269075107602082
337,01_01_A0101135270005700050z,0.8333333333333334,0.3759969547563805,26.0,17.0,0.09936778998392448,0.6398504239128183
338,01_01_A0101135270005700053z,1.0,0.33653169014084505,20.0,12.0,0.11076529994351042,0.8957476034481282
339,01_01_A0101135270005700068b,0.5,0.2059113995485328,42.0,23.0,0.0520088391956576,0.7674564603677707
340,01_01_a0101135270005900026a,0.3333333333333333,0.5682901907356949,30.0,20.0,2.0011881925151687,0.8676393516951801
341,01_01_a0101135270005900026b,0.6666666666666666,0.5944892902813299,25.0,12.0,1.4156615440574492,0.7835305572183107
342,01_01_a0101135270005900026b1,0.6666666666666666,0.592438126566416,26.0,12.0,1.415442219256404,0.7675518667234854
343,01_01_a0101135270005900026d,0.3333333333333333,0.4146053039702233,30.0,17.0,2.0005911329831965,0.7391573464940947
344,01_01_a0101135270005900033b,1.0,0.3323517184035477,23.0,12.0,0.06065485606230207,0.6414029252164897
345,01_01_a0101135270005900033b1,0.8333333333333334,0.3401642184035477,23.0,11.0,1.001867383759134,0.6429152843801433
346,01_01_a0101135270005900043a,0.8333333333333334,0.3208553039702233,24.0,14.0,0.10315696516505583,0.7146109144982555
347,01_01_a0101135270005900050z,0.8333333333333334,0.28432377049180324,28.0,15.0,0.10751112992844332,0.7014436833416662
348,01_01_a0101135270005900068z,0.6666666666666666,0.43383855585831066,36.0,24.0,0.19530983895148368,0.7751790912823237
349,01_01_A0101135270006100010z,0.5,0.5201873385012921,45.0,26.0,1.7478073456839558,1.1147608588616142
350,01_01_A0101135270006100011z,0.3333333333333333,0.835906374501992,47.0,28.0,2.0138042661384192,1.2966977032300158
351,01_01_A0101135270006100013z,0.5,1.0709049170616114,44.0,27.0,1.748555832106094,1.3669996774757585
352,01_01_a0101135270007300062z,0.3333333333333333,0.2546289519906323,52.0,28.0,0.17345108912425009,0.7871708932563151
353,01_01_a0101135270007500061z,0.6666666666666666,0.4544851380042463,24.0,16.0,1.0006741262852186,0.6982155060962573
354,01_01_a0101135270007500071z,0.6666666666666666,0.4375,31.0,17.0,0.12349180697908364,0.6852713951133
355,01_01_a0101135270007800058A,0.3333333333333333,0.5495170454545455,36.0,23.0,1.0091410322114045,0.8962171015330669
356,01_01_a0101135270007800058B,0.5,0.3601278104925053,38.0,19.0,1.0076680280713517,0.7527818539723421
357,01_01_a0101135270007800064z,0.5,0.4664810231023102,43.0,26.0,1.007595681048913,0.942042825352132
358,01_01_a0101135270007900060z,0.6666666666666666,0.4790674603174603,34.0,19.0,0.16228030780356667,0.8536333354586009
359,01_01_a0101135270008000043A,0.6666666666666666,0.5205533154121864,46.0,25.0,0.2624342153984736,0.9491314171612888
360,01_01_a0101135270008000043B,0.5,0.5429324690402477,40.0,25.0,1.0146911141263484,0.9481529816531112
361,01_01_a0101135270008000043C,0.8333333333333334,0.3833333333333333,35.0,16.0,0.14703985419268178,0.8222710635899654
362,01_01_a0101135270008400054z,0.8333333333333334,0.5424375,28.0,18.0,0.0984466427822148,0.8214747725775682
363,01_01_a0101135270008400063z,0.3333333333333333,0.3813806270096463,52.0,28.0,0.19123735369214745,0.7750713373662045
364,01_01_a0101135270008500048z,0.5,0.37932577565632464,38.0,18.0,1.0058971546814213,0.7317734062485808
365,01_01_a0101135270009000089z,0.6666666666666666,0.18147430048661808,47.0,22.0,0.06286845281816693,0.7530557114316697
366,01_01_A0101135270009500024z,0.8333333333333334,0.4171362704918032,25.0,13.0,0.161533965446423,0.7386599384997508
367,01_01_A0101135270009500040A,0.6666666666666666,0.3233646137026239,26.0,22.0,0.07971984454241868,0.7294853946518652
368,01_01_A0101135270009500040B,0.8333333333333334,0.3426738980716253,23.0,18.0,0.09000189018625092,0.7559988050775582
369,01_01_a0101135270010500025A2,0.8333333333333334,1.0990140374331552,34.0,11.0,0.23028360645457244,1.1209973091788097
370,01_01_a0101135270010500040B1,0.6666666666666666,1.012680590452261,33.0,15.0,0.30113622172098586,1.207704286780721
371,01_01_a0101135270010500040B2,0.6666666666666666,0.97919283919598,37.0,16.0,0.28114497787002696,1.2430672376515637
372,01_01_a0101135270010500040B3,0.6666666666666666,0.9525696090047392,35.0,15.0,0.21523936224677406,1.113256705605778
373,01_01_a0101135270010500041C1,0.6666666666666666,0.5998068820224719,30.0,19.0,0.20187854067495334,0.9138099811840984
374,01_01_a0101135270010500041C2,0.6666666666666666,0.7243683510638297,30.0,16.0,0.19298526106379232,1.0093752833401413
375,01_01_a0101135270010500051D,0.5,0.583563790560472,51.0,27.0,0.13981563705418024,0.8146523793172294
376,01_01_A0101135280000100034z,0.5,0.5573910081743869,25.0,18.0,1.4145009993120488,0.7768440445080083
377,01_01_A0101135280000100067z,0.3333333333333333,0.4572760558583106,59.0,32.0,0.13023499996028598,0.8202212239544252
378,01_01_A0101135280000300031z,0.6666666666666666,0.6109563821752266,24.0,13.0,1.416504034140209,0.8456710278238476
379,01_01_A0101135280000300034z,0.6666666666666666,0.4462912087912088,25.0,11.0,1.0016743956003191,0.6607272862506349
380,01_01_A0101135280000400055z,0.3333333333333333,0.18029698581560286,59.0,33.0,1.0068240322417992,0.7028228349815003
381,01_01_A0101135280000500035z,0.5,0.5628405994550408,32.0,19.0,1.4145667847095795,0.8505870602494291
382,01_01_A0101135280000500045z,0.3333333333333333,0.348617381489842,56.0,24.0,0.11371367549767145,0.7055268472338087
383,01_01_A0101135280000500056z,0.5,0.36680359336609336,60.0,26.0,0.05268224192603885,0.7972691557328448
384,01_01_A0101135280000500066z,0.3333333333333333,0.2883306962025316,92.0,46.0,0.12427970004024197,0.7635298702915101
385,01_01_a0101135280000800026z,0.5,0.6334982366771159,27.0,15.0,1.7337255565624399,0.889935491919254
386,01_01_a0101135280000800040z,0.6666666666666666,0.07545896328293739,27.0,12.0,1.0005683587429597,0.6517880886960682
387,01_01_a0101135280000800042z,0.5,0.265625,35.0,18.0,1.0002933171643111,0.642249574400164
388,01_01_A0101135280000900026z,0.3333333333333333,0.7154661016949152,35.0,21.0,1.7379845934296878,0.9255671906958628
389,01_01_A0101135280000900034z,1.0,0.5169624217118998,25.0,12.0,0.0335148165757277,0.7019863499263777
390,01_01_A0101135280000900043z,0.8333333333333334,0.4354757762312634,24.0,11.0,0.03574195289887476,0.6034687395440859
391,01_01_a0101135280001000023z,0.5,0.6757445141065831,29.0,18.0,1.7334659422905434,0.8254795343321837
392,01_01_a0101135280001000033z,1.0,0.6027892561983471,20.0,8.0,0.07073563105175176,0.7206448992673791
393,01_01_a0101135280001900031z,0.5,0.5055480072463768,27.0,17.0,1.4143192679974952,0.6981575638218648
394,01_01_A0101135280002900031z,0.5,0.5057900574112735,27.0,17.0,1.4143657253396946,0.6995395496355035
395,01_01_A0101135280002900057z,0.3333333333333333,0.5053376182033097,68.0,34.0,0.06940255547535266,0.7363131596289942
396,01_01_A0101135280003000031z,0.8333333333333334,0.27874743326488705,24.0,11.0,1.0007111386225702,0.6428718282226197
397,01_01_A0101135280003000055z,0.5,0.16222327213822896,45.0,24.0,0.09634223095347402,0.7049409415350062
398,01_01_A0101135280003100055z,0.3333333333333333,0.15111770072992706,62.0,33.0,1.006736038571793,0.7062490420769271
399,01_01_a0101135280003800042z,0.6666666666666666,0.27070393374741203,37.0,14.0,0.11520973485016205,0.5864091959821712
400,01_01_a0101135280003800048z,0.5,0.2915429265658748,42.0,20.0,0.1179966536208811,0.6633673491197772
401,01_01_a0101135280003800053z,0.6666666666666666,0.1995587845010616,37.0,27.0,0.09408182919653182,0.6053740022455607
402,01_01_A0101135280005300013A,0.3333333333333333,1.3537011173184357,38.0,22.0,2.004493907390602,1.4659851604553016
403,01_01_a0101135280005300020C,0.3333333333333333,0.5253552971576227,36.0,21.0,2.004236752099237,0.7946906430590805
404,01_01_A0101135280005600010z,0.3333333333333333,1.054783950617284,42.0,25.0,2.0140292591466857,1.409677150402956
405,01_01_A0101135280005600014z,0.3333333333333333,1.3092948717948718,43.0,25.0,2.010613527539404,1.5058954854024282
406,01_01_A0101135280005600016z,0.3333333333333333,1.0868506493506491,40.0,23.0,2.0039473388303657,1.2613504600170735
407,01_01_A0101135280005600017z,0.3333333333333333,1.1041666666666667,38.0,23.0,2.004394074468355,1.2772443091453918
408,01_01_A0101135280005600018z,0.3333333333333333,1.2518928964757712,37.0,21.0,2.0013351140995,1.2584054000193303
409,01_01_A0101135280005600020z,0.5,0.5056265206812652,37.0,20.0,1.7441230629981417,0.8769227905303496
410,01_01_A0101135280005600022z,0.3333333333333333,0.8307203389830509,36.0,20.0,2.0018946126036883,0.9959482465660828
411,01_01_A0101135280006000035z,0.8333333333333334,0.4192089632829373,24.0,15.0,1.00115453465793,0.6502931704956906
412,01_01_A0101135280006000036z,0.6666666666666666,0.24414491758241766,29.0,12.0,1.4144268368235229,0.6687268513437723
413,01_01_a0101135280006300021a,0.6666666666666666,0.4947792362768496,28.0,15.0,1.4158734348900546,0.8667601515945961
414,01_01_a0101135280006300021b,0.8333333333333334,0.4709029227557411,28.0,16.0,1.0064316187678175,0.8127059112743442
415,01_01_a0101135280006300021d,0.8333333333333334,0.6878265675241158,26.0,19.0,1.0082550147754266,1.014363792056301
416,01_01_a0101135280006300028e,0.8333333333333334,0.5576044386422977,23.0,17.0,1.0134467701498682,0.8274966858576683
417,01_01_a0101135280006400040z,0.8333333333333334,0.234375,27.0,13.0,0.07194503742446462,0.6653452023005559
418,01_01_a0101135280006400042z,0.6666666666666666,0.378375,36.0,20.0,0.0931235730141302,0.7752744188023607
419,01_01_a0101135280007100031z,0.6666666666666666,0.6485217318059299,27.0,15.0,1.4148501299310647,0.8603991047120161
420,01_01_a0101135280007500023z,0.8333333333333334,0.3063021920668059,15.0,11.0,1.001383532520919,0.5966794408370559
421,01_01_a0101135280007500032C,0.6666666666666666,0.1775552293064877,27.0,11.0,1.4148347154203504,0.6477689657870068
422,01_01_a0101135280007500033z,0.8333333333333334,0.34745065789473684,26.0,14.0,0.11855681779247206,0.7252664420902695
423,01_01_a0101135280007500044z,0.6666666666666666,0.2520174050632912,28.0,17.0,1.0065242723883665,0.7241164338043139
424,01_01_a0101135280007500046z,0.6666666666666666,0.2714791666666667,28.0,17.0,1.0057347914188606,0.7403043545366936
425,01_01_a0101135280007500054z,0.8333333333333334,0.3496043797953964,24.0,14.0,0.1083458169612082,0.7208739308285621
426,01_01_a0101135280008100025z,0.6666666666666666,0.899715909090909,27.0,7.0,1.4199766593248726,1.0608780943251124
427,01_01_a0101135280008100030z,0.6666666666666666,0.9849602059925092,27.0,7.0,1.418549830419105,1.0405427708059158
428,01_01_a0101135280008100032z,0.8333333333333334,0.2385739664082688,23.0,7.0,1.00405581390538,0.6641701338177067
429,01_02_A0102134010000100019z,0.3333333333333333,0.5970441595441596,43.0,24.0,1.7344501670521284,0.9010573615643174
430,01_02_A0102134010000100021z,0.3333333333333333,0.7930555555555555,32.0,25.0,1.7391248798923036,0.9408823672657044
431,01_02_a0102134010000100045z,0.5,0.2177157210401891,44.0,21.0,0.100288412013674,0.6612084491846115
432,01_02_A0102134010000200019z,0.3333333333333333,0.6332186544342507,34.0,19.0,1.7358782489589333,1.0124682242239829
433,01_02_A0102134010000200024z,0.16666666666666666,0.7430691614420063,35.0,24.0,1.7378061586206908,1.0013690356324705
434,01_02_A0102134010000200028z,0.16666666666666666,0.7697475570032574,45.0,29.0,1.7376680017662876,1.0464813290831891
435,01_02_A0102134010000700031z,0.6666666666666666,0.1929130835380836,27.0,12.0,1.415179252470728,0.6923405174886745
436,01_02_A0102134010000700040z,0.5,0.16144646924829156,31.0,12.0,1.001841022708,0.6981208026058965
437,01_02_A0102134010001000028z,0.6666666666666666,0.5331743421052632,28.0,12.0,1.414505537746521,0.7032626492791575
438,01_02_A0102134010001000038z,0.6666666666666666,0.7477179982817871,25.0,8.0,1.4168930077163266,0.8228509081538932
439,01_02_A0102134010001300016z,0.5,1.201319095477387,30.0,18.0,1.7485367632509072,1.3734924493624825
440,01_02_A0102134010001300023z,0.3333333333333333,0.7998693379790941,25.0,19.0,1.737064902185324,0.9183643787199284
441,01_02_A0102134010001300032z,1.0,0.5535949868073878,24.0,12.0,0.06985709253334461,0.7952699633540955
442,01_02_a0102134010001400034z,0.6666666666666666,0.4749524297423887,25.0,16.0,1.4202036446759032,0.6978840059443118
443,01_02_a0102134010002000024z,0.5,0.700580871757925,31.0,20.0,1.4205310268376663,1.049312350821937
444,01_02_A0102134010002100028z,0.16666666666666666,0.7637839879154078,48.0,29.0,1.7368259938068829,1.051945570332943
445,01_02_A0102134010002300032z,0.6666666666666666,0.6248417721518987,22.0,12.0,1.0018405023842554,0.8253987374769142
446,01_02_a0102134010003300053z,0.5,0.5146125809935205,28.0,12.0,1.4143939551455742,0.7044445971663911
447,01_02_a0102134010003700032A,0.8333333333333334,0.6668333333333333,27.0,7.0,1.0025607214102488,0.8106217320603357
448,01_02_A0102134010007100034B,0.6666666666666666,0.5451364436619718,25.0,15.0,1.0018837265089704,0.8690622847033325
449,01_02_A0102134010007100034C,0.6666666666666666,0.3495293674698795,31.0,17.0,1.003948875460363,0.8587296023339087
450,01_02_A0102134010008000030z,1.0,0.45153061224489793,18.0,8.0,0.08271630363556236,0.8623569784202948
451,01_02_A0102134020000200023d,0.6666666666666666,0.8466502926421404,26.0,14.0,1.4222490201792235,1.0542621880147716
452,01_02_A0102134020000200023d1,0.6666666666666666,0.9247727272727272,20.0,11.0,1.4215417332494331,1.1319591666823978
453,01_02_A0102134020000200033b,0.6666666666666666,0.6368957703927492,18.0,16.0,1.4165579741978855,0.8521391414641296
454,01_02_A0102134020000200033c,0.5,0.32950706388206386,32.0,24.0,1.4176939866364429,0.7555504598909325
455,01_02_A0102134020000200034a,0.6666666666666666,0.434722965738758,22.0,13.0,1.4145363033619416,0.7325093631530715
456,01_02_A0102134020000400025z,0.6666666666666666,0.7167022792022792,23.0,15.0,1.4154102486256348,0.8778016741175484
457,01_02_a0102134020000700026B,0.3333333333333333,0.4850804176072235,27.0,17.0,1.7323350924011192,0.821240929032947
458,01_02_a0102134020000700026C,0.5,0.6222385657193605,26.0,17.0,1.7328171327066095,0.8577234735714269
459,01_02_a0102134020000700046B,0.5,0.5244565217391305,22.0,12.0,1.0004477220911072,0.6533599694350201
460,01_02_A0102134020000800022z,0.3333333333333333,0.7433103975535168,24.0,16.0,1.736130394443451,0.8664965540367374
461,01_02_A0102134020000800027z,0.3333333333333333,0.6318573667711599,24.0,16.0,1.7373112383798035,0.7877141374144463
462,01_02_A0102134020000900035z,0.6666666666666666,0.4077380952380952,34.0,16.0,1.0005252379530245,0.7137117987977617
463,01_02_A0102134020001800026z,0.5,0.6443965517241379,26.0,16.0,1.416508519927566,0.9155674486239772
464,01_02_A0102134020001800033z,0.8333333333333334,0.5839788732394366,18.0,11.0,0.0805729288251252,0.7273353341509087
465,01_02_A0102134020001900026z,0.6666666666666666,0.7539179104477612,24.0,14.0,1.4166682439899567,0.8938888545193926
466,01_02_A0102134020002800031A,0.8333333333333334,0.31963028169014085,22.0,7.0,0.11076316679996127,0.794177493495335
467,01_02_A0102134020002800032A,0.6666666666666666,0.6851190476190476,27.0,16.0,1.0028328646038145,0.7675486128054799
468,01_02_A0102134020002800032B,0.8333333333333334,0.4351190476190476,23.0,9.0,1.0056577066289094,0.7584327089466004
469,01_02_A0102134020003600024A,0.5,0.6853386167146974,30.0,15.0,1.7332065154723435,0.8000687228698373
470,01_02_A0102134020003600024B,0.5,0.8060800604229608,28.0,14.0,1.7333857274776543,0.92437429978347
471,01_02_a0102134020003700034A,0.6666666666666666,0.29892508865248224,21.0,13.0,1.0072734610067735,0.7355737785534816
472,01_02_A0102134020003900029z,0.5,0.509789156626506,31.0,14.0,1.4171185961300692,0.8158906262622485
473,01_02_A0102134020005700032A,1.0,0.5908890845070423,22.0,10.0,0.12996082434750886,0.8216998138500242
474,01_02_A0102134020005700032B,0.8333333333333334,0.4562353629976581,22.0,11.0,0.0614167390630931,0.7052907293687547
475,01_02_A0102134020005700038z,0.5,0.4644281914893617,57.0,31.0,0.10788360410425896,0.748136025324136
476,01_02_A0102134020005700041z,0.5,0.4364338646532439,47.0,19.0,0.057309321865225964,0.6795066439136902
477,01_02_A0102134020006400032z,0.6666666666666666,0.2591726380042463,23.0,14.0,1.0005606040635215,0.5998629874272025
478,01_02_A0102134020007600033A,0.6666666666666666,0.2361791938997821,38.0,18.0,0.07459052365753527,0.7478229150881998
479,01_02_a0102134020007600033AA,0.6666666666666666,0.2358806209850107,38.0,18.0,0.06757762336086846,0.7514391860427369
480,01_02_A0102134030000200026z,0.6666666666666666,0.655392829153605,26.0,12.0,1.4176293889161335,0.8182003028253853
481,01_02_A0102134030000200033z,1.0,0.669339970501475,20.0,10.0,0.0846962848856762,0.8034480470171154
482,01_02_A0102134030000400026z,0.5,0.726159793814433,27.0,14.0,1.4184520053990308,0.961691020540242
483,01_02_A0102134030000400033z,0.8333333333333334,0.2083267405063292,20.0,13.0,0.09075952345712687,0.6916416069457433
484,01_02_A0102134030000500024z,0.6666666666666666,0.677244503257329,32.0,16.0,1.4209875252159103,1.0023243465571348
485,01_02_A0102134030000500026z,0.5,0.6166044776119403,25.0,14.0,1.4214242843445966,0.9340693377506024
486,01_02_A0102134030000500034z,0.5,0.6418343653250774,27.0,18.0,1.4160097753217036,0.9069541763935359
487,01_02_A0102134030001500026z,0.6666666666666666,0.6851190476190476,26.0,14.0,1.4168483743081826,0.9105851233888888
488,01_02_a0102134030001500033A,0.8333333333333334,0.6515672782874617,23.0,13.0,0.061464505849936235,0.786718656560187
489,01_02_A0102134030001600034z,0.8333333333333334,0.5066144708423326,32.0,15.0,0.036685948423433014,0.7143689156829134
490,01_02_A0102134030001800026z,0.8333333333333334,0.6764658505154639,25.0,11.0,1.0051041653826325,0.975296250622204
491,01_02_A0102134030001800035z,0.8333333333333334,0.6403621941896025,19.0,7.0,1.0045879749451534,0.7765929359001433
492,01_02_A0102134030002600031z,0.6666666666666666,0.4148616910229645,32.0,16.0,1.0013294530254857,0.7391620001469552
493,01_02_A0102134030002600033z,0.6666666666666666,0.1840071544276458,24.0,11.0,1.4153732127947944,0.6822474595153667
494,01_02_A0102134030002600043z,0.5,0.41513896137787054,30.0,19.0,1.0009683237154607,0.6146998092596017
495,01_02_a0102134030002900031z,0.5,0.23218902068126526,28.0,14.0,1.0033501984067446,0.7286055687833954
496,01_02_A0102134030004100023z,0.5,0.4546618852459017,35.0,23.0,1.7355815704358482,0.9225068704070316
497,01_02_A0102134030004100035z,0.5,0.7493644067796609,37.0,20.0,1.4149742287387566,1.0432433291492655
498,01_02_A0102134030004100038z,0.6666666666666666,0.7385033444816054,27.0,15.0,1.0101665868230183,0.9440319539156272
499,01_02_A0102134030004500025A,0.6666666666666666,0.6294504643962848,24.0,7.0,1.0032259073516885,0.8935796575311478
500,01_02_A0102134030004500025C,0.6666666666666666,0.6144911504424779,24.0,10.0,1.0024549690408302,0.9330503090875426
501,01_02_a0102134030005200027z,0.8333333333333334,0.6914682539682541,24.0,7.0,1.0039949982648986,0.857090528311494
502,01_02_a0102134030006100031z,0.8333333333333334,0.6489803625377644,23.0,9.0,1.0036544165583543,0.7651017431895836
503,01_02_A0102134030007000032A,0.8333333333333334,0.5488490364025695,26.0,14.0,0.0931502130577188,0.7554708753434467
504,01_02_A0102134030007000032B,0.8333333333333334,0.2783059210526316,26.0,12.0,1.0075573830381053,0.7198906250633169
505,01_02_A0102134030007000044z,0.6666666666666666,0.29885165662650603,26.0,17.0,1.0059903239925243,0.7246593401123045
506,01_02_a0102134030007100032z,0.8333333333333334,0.625534188034188,26.0,12.0,1.006505053637651,0.8314089020355624
507,01_02_A0102134030007700032z,0.6666666666666666,0.4931844547563805,28.0,15.0,1.0010588652043264,0.7219336117385119
508,01_02_A0102134030007800031z,1.0,0.5563959660297241,21.0,9.0,0.05408092000455589,0.7277152463490972
509,01_02_A0102134030008000031A,0.8333333333333334,0.3053286987041037,19.0,13.0,1.000501748401181,0.7007590340151233
510,01_02_a0102134030008300031N,1.0,0.3870587845010616,21.0,10.0,0.08713171191360536,0.7075028392748087
511,01_02_a0102134030008800026A,0.6666666666666666,0.4266354830148621,26.0,14.0,1.414633741542308,0.6450139843859126
512,01_02_a0102134030008800032A,0.6666666666666666,0.43345511482254695,25.0,14.0,1.414917997646903,0.6484428726917576
513,01_02_a0102134030009300032z,0.8333333333333334,0.4188256766381766,21.0,9.0,1.0027417574051778,0.6748024600852072
514,01_02_a0102134030009300034z,0.8333333333333334,0.31858552631578946,22.0,12.0,1.0023012600133867,0.6856477463595089
515,01_02_a0102134030010600030B,0.6666666666666666,0.5990018812709029,23.0,13.0,1.006985151341937,0.9315161063375323
516,01_02_a0102134030010600044z,0.6666666666666666,0.4750460687960688,37.0,23.0,0.11353574120537392,0.7440872361925818
517,01_02_a0102134050001000033B,0.8333333333333334,0.5125877429805615,25.0,15.0,1.002133365011845,0.7906668054805988
518,01_02_A0102134050001100025z,0.5,0.699493102006689,25.0,16.0,1.417334359914222,0.8533057887141103
519,01_02_A0102134050001100035z,0.6666666666666666,0.5350222625329816,22.0,15.0,1.001724440504218,0.7036169821711057
520,01_02_A0102134050002400023z,0.8333333333333334,0.664608134920635,24.0,13.0,1.0050627227282194,0.8332812123681842
521,01_02_A0102134050002400028z,0.8333333333333334,0.6631448412698413,21.0,13.0,1.0037146877483047,0.8069108926396332
522,01_02_A0102134050002400033z,1.0,0.6152284743202417,18.0,6.0,0.092745467504013,0.753450000800287
523,01_02_A0102134050002400045z,0.8333333333333334,0.3209536987041037,24.0,11.0,0.033585275941066466,0.5976862492516035
524,01_02_A0102134050002900031z,0.8333333333333334,0.6862726586102719,24.0,9.0,1.004307265793853,0.8378846503733538
525,01_02_A0102134050003000032z,0.6666666666666666,0.4632095917225951,23.0,12.0,1.0010128318300773,0.6562983671399485
526,01_02_A0102134050003700025z,0.6666666666666666,0.42684487951807226,37.0,20.0,0.07754380590823037,0.8256016694019452
527,01_02_A0102134050003700033z,0.6666666666666666,0.3961162694013304,48.0,24.0,0.06834353796025358,0.8133015554608602
528,01_02_A0102134050004400031z,0.6666666666666666,0.6610649546827795,23.0,13.0,1.0059861859620374,0.8777281746989422
529,01_02_a0102134050005300024z,0.8333333333333334,0.6863802931596091,22.0,7.0,1.0077476472701767,0.8541946020119657
530,01_02_a0102134050005300033z,0.8333333333333334,0.1977678571428572,19.0,5.0,1.0011016504983068,0.6598058720426031
531,01_02_a0102134050005400034B,1.0,0.32745970194647195,23.0,16.0,0.09764704818022804,0.735236850880351
532,01_02_A0102134060000300026z,0.6666666666666666,0.7399178134556575,24.0,14.0,1.4159331316888328,0.9608258125245736
533,01_02_A0102134060000700024z,0.3333333333333333,0.6538588390501321,26.0,26.0,1.7354913471973676,0.8556818769130686
534,01_02_A0102134060000700028z,0.6666666666666666,0.6443965517241379,18.0,16.0,1.4165894827534946,0.8538022264691889
535,01_02_A0102134060000800028z,0.6666666666666666,0.30509365443425074,20.0,17.0,1.4164859685830289,0.8566979115090508
536,01_02_A0102134060000900023z,0.5,0.4602552816901409,61.0,35.0,0.2523896017034489,0.7431693690590478
537,01_02_A0102134060000900031z,0.5,0.4602552816901409,61.0,35.0,0.203449199052394,0.7542625873426092
538,01_02_A0102134060000900034z,0.5,0.5019803272980501,18.0,15.0,1.4169858959987078,0.7290139152503499
539,01_02_A0102134060001200026z,0.6666666666666666,0.7713852611940298,28.0,14.0,1.4168193816256454,0.8960386540103606
540,01_02_a0102134060001400032z,0.3333333333333333,0.7738776408450704,38.0,24.0,1.7435885379599667,1.0289240168770135
541,01_02_A0102134060001700025z,0.5,0.7019067796610171,29.0,15.0,1.7351552085862259,0.9390935439395476
542,01_02_A0102134060001700033z,0.8333333333333334,0.605107276119403,24.0,7.0,1.0038083133110631,0.7422581729025997
543,01_02_A0102134060001800023z,0.3333333333333333,0.6334733761329305,36.0,20.0,1.735590213718989,1.0721094716699078
544,01_02_A0102134060001800025i,0.5,0.3684669665012407,26.0,18.0,1.7333388773477294,0.6843589954669427
545,01_02_A0102134060001800031z,0.5,0.4020788043478261,31.0,19.0,1.4184164735691345,0.7123636143547493
546,01_02_A0102134060001800034z,0.6666666666666666,0.5144020488029466,26.0,16.0,1.4212202212326257,0.6885670458111252
547,01_02_A0102134060001900016z,0.3333333333333333,0.2269913484486874,24.0,19.0,2.000874324514501,0.6728180581815077
548,01_02_A0102134060001900018z,0.5,0.2778720898004434,24.0,14.0,1.732298077155011,0.6507960136241079
549,01_02_A0102134060001900022z,0.5,0.3996114713774597,25.0,17.0,1.7340431519692834,0.7444745410529788
550,01_02_A0102134060001900025s,0.5,0.36578884271099743,26.0,18.0,1.7338895427685324,0.6751463266781353
551,01_02_A0102134060002000016z,0.3333333333333333,0.2263268561484919,24.0,19.0,2.0008133944178943,0.6823328352865691
552,01_02_A0102134060002000022z,0.5,0.38572635135135136,25.0,17.0,1.7341074175416078,0.7298678657483101
553,01_02_A0102134060002000025z,0.5,0.3185655187835421,23.0,17.0,1.735314847997531,0.7968666289317917
554,01_02_A0102134060002200026z,0.5,0.685057003257329,30.0,16.0,1.7343472859027518,0.9403150569198332
555,01_02_A0102134060002200031z,0.6666666666666666,0.6817244224422442,26.0,16.0,1.4163608471338038,0.9416563904717259
556,01_02_a0102134070000100034z,1.0,0.2930021367521367,22.0,12.0,0.10904194559195086,0.7374492072346054
557,01_02_a0102134070000200032z,0.6666666666666666,0.5026629072681704,23.0,16.0,1.4155018513543791,0.8076426456092817
558,01_02_A0102134070000200033A,0.5,0.5548333333333333,27.0,17.0,1.4158910792491604,0.8636398168743238
559,01_02_A0102134070000300018z,0.5,0.5986940298507463,35.0,18.0,1.7363251915541278,1.0349453888340396
560,01_02_A0102134070000300023z,0.5,0.6589983713355049,29.0,15.0,1.4203059471334474,0.9963371126845736
561,01_02_A0102134070000300027z,0.6666666666666666,0.5323081264108351,21.0,17.0,1.4150041319417557,0.6440471104695675
562,01_02_A0102134070000300030z,0.6666666666666666,0.5464918256130791,24.0,17.0,1.416500721713447,0.7777909863490451
563,01_02_A0102134070000300045z,0.5,0.5536532210401891,31.0,16.0,1.0045995398702536,0.6625009364311455
564,01_02_A0102134070000500032z,0.8333333333333334,0.3519108280254777,19.0,11.0,1.0002801007564288,0.7200986791312467
565,01_02_A0102134070000600034z,0.5,0.4375,32.0,18.0,1.4154137577777006,0.7512878419421363
566,01_02_A0102134070000900030z,0.6666666666666666,0.06451612903225812,20.0,15.0,1.0011656631821702,0.6003828860031081
567,01_02_A0102134070001500033a,1.0,0.6404850746268657,23.0,8.0,0.08661245785543392,0.7371640567698223
568,01_02_A0102134070001600051z,0.5,0.5441666666666667,29.0,17.0,1.0016437936450988,0.7241075350847402
569,01_02_a0102134080002200034A,0.8333333333333334,0.21935855263157897,27.0,15.0,0.08896040080450356,0.6989876027043886
570,01_02_a0102134080002200034z,0.8333333333333334,0.2195028104925053,28.0,15.0,0.08140068380551016,0.6933920055075659
571,01_02_a0102134080002200044A,0.5,0.3022880835380836,45.0,25.0,0.06625327599375891,0.7496133292353233
572,01_02_a0102134080002200044z,0.5,0.3022880835380836,45.0,25.0,0.061075664036759736,0.7465520937804149
573,01_02_a0102134090002100033A,0.6666666666666666,0.2297325388026608,28.0,12.0,1.000639329699467,0.6558279814448779
574,01_02_a0102134090002100033C,1.0,0.3301411290322581,24.0,10.0,0.13244968256978218,0.7697246269563733
575,01_02_a0102134100000200033A,0.8333333333333334,0.23530890804597704,28.0,15.0,0.0486995689368767,0.717170536683232
576,01_02_a0102134100000300025A,1.0,0.27972399150743105,22.0,4.0,0.05519898955499043,0.6454436320080735
577,01_02_a0102134100000300033C,1.0,0.32950706388206386,21.0,10.0,0.1375037111497347,0.7857065931622714
578,01_02_a0102134100000400033C,0.6666666666666666,0.3236352848101266,32.0,12.0,0.08195447395640186,0.8098256663513058
579,01_02_a0102134100000500025z,0.8333333333333334,0.3001822354211663,26.0,5.0,1.001516267860774,0.6694790517094663
580,01_02_a0102134100000500032z,0.6666666666666666,0.22151580459770115,28.0,12.0,1.001128612393417,0.6448373909607467
581,01_02_a0102134100000600033A,0.8333333333333334,0.2320941091954023,28.0,15.0,0.07627871728729474,0.7168710921996218
582,01_02_a0102134100000600033C,1.0,0.32459305896805896,21.0,10.0,0.12873565709488166,0.7714134186911434
583,01_02_a0102134100000700025z,0.8333333333333334,0.2766075388026608,26.0,5.0,1.001945751482805,0.6717435383118778
584,01_02_a0102134100000700032z,0.6666666666666666,0.22569836343115124,28.0,12.0,1.0009272183020852,0.6490446319894632
585,01_02_a0102134100000800033A,0.6666666666666666,0.2252979490022173,28.0,12.0,1.0007117325669914,0.6510280427008193
586,01_02_a0102134100000800033C,1.0,0.3251783498759305,21.0,10.0,0.13303041323110115,0.7692931227333402
587,01_02_a0102134100000900033C,0.8333333333333334,0.2746543453724605,26.0,11.0,1.0008443359133197,0.6968938917225622
588,01_02_a0102134100001000033C,0.6666666666666666,0.3270060741687979,32.0,12.0,0.057622845545061675,0.8116793884855168
589,01_02_a0102134100001000042z,0.6666666666666666,0.3495401907356949,31.0,13.0,0.0764906360481778,0.7648086737321369
590,01_03_A0103142060000200018z,0.3333333333333333,0.4060208333333334,29.0,19.0,1.7346665948541096,0.9082506020093328
591,01_03_A0103142060000200022z,0.5,0.6492413585209004,28.0,19.0,1.7370433217036136,0.8676254597255959
592,01_03_A0103142060000200028z,0.6666666666666666,0.5985131766381766,30.0,9.0,1.004819788485805,0.8064515728863667
593,01_03_a0103142060000200031z,0.6666666666666666,0.6035428272980501,25.0,10.0,1.0046488540573384,0.8174096918336204
594,01_03_A0103142060000400025z,0.5,0.6629173452768728,34.0,20.0,1.4166584040445125,0.958653258619357
595,01_03_A0103142060000400030z,0.8333333333333334,0.15336604683195587,26.0,13.0,0.10120617380734567,0.6865994601786258
596,01_03_A0103142060000400033z,0.6666666666666666,0.16440309945504086,25.0,13.0,1.0034382522998455,0.7604818134777611
597,01_03_A0103142060000500024z,0.8333333333333334,0.6597222222222222,25.0,13.0,1.0048240978898728,0.7376999903021332
598,01_03_A0103142060000500032z,1.0,0.5868297353760445,22.0,8.0,0.07189062263479556,0.7053837541016371
599,01_03_a0103142060000600032z,1.0,0.6177303625377644,21.0,6.0,0.0850289687850976,0.8039208242268054
600,01_03_A0103142060000700024z,0.6666666666666666,0.6876781351791531,25.0,17.0,1.0063440246163446,0.8423173787858416
601,01_03_A0103142060000700034z,0.8333333333333334,0.6633610681114551,23.0,14.0,0.10832504238743984,0.8227280675188261
602,01_03_A0103142060000800018z,0.3333333333333333,0.40822973433242493,29.0,19.0,1.7351378679834697,0.9101440137855458
603,01_03_A0103142060000800021z,0.3333333333333333,0.6332186544342507,32.0,17.0,1.7333219315944457,0.9201759620603466
604,01_03_A0103142060000800026z,0.6666666666666666,0.2448883410672854,22.0,17.0,1.4196163343725998,0.7991226313424219
605,01_03_A0103142060001000024N,0.6666666666666666,0.14647887323943665,25.0,16.0,1.0068537169076528,0.7523316971774071
606,01_03_A0103142060001000033A,0.8333333333333334,0.08268733850129195,19.0,14.0,0.08045823675085657,0.6671088300541229
607,01_03_A0103142060001000033B,0.6666666666666666,0.3382095917225951,33.0,20.0,1.0040529287933138,0.8272771309479636
608,01_03_A0103142060001600034A,0.8333333333333334,0.6224973885793872,22.0,9.0,1.004966755139412,0.7788597261183386
609,01_03_a0103142060001600034B,0.8333333333333334,0.6243177816901408,22.0,9.0,1.004941351544825,0.7760681138451164
610,01_03_A0103142060001600045A,0.5,0.2468278712296984,44.0,24.0,0.14647168133308658,0.6774643916542892
611,01_03_a0103142060001900024A,0.6666666666666666,0.5856481481481481,30.0,12.0,1.4150905365417146,0.7381632941275146
612,01_03_a0103142060001900024B,0.5,0.6685231023102309,27.0,15.0,1.7348919216165737,0.8987176034760272
613,01_03_a0103142060001900033z,0.8333333333333334,0.6136074678800856,28.0,11.0,1.0008456742677805,0.7785687104338209
614,01_03_a0103142060001900047z,0.8333333333333334,0.3828125,20.0,13.0,0.04309190516633081,0.5711585641112337
615,01_03_A0103142070000200026z,0.16666666666666666,0.7310911016949152,41.0,26.0,1.7360117075836032,0.8880891394708327
616,01_03_a0103142070000200032z,0.6666666666666666,0.4307518732970027,29.0,12.0,1.0023749800947763,0.7862921118469152
617,01_03_A0103142072000100025B,0.6666666666666666,0.7084291387959866,24.0,14.0,1.4174067923434228,0.8375968970724533
618,01_03_A0103142072000100033z,0.8333333333333334,0.6552368515850144,22.0,9.0,1.0024344370305385,0.7735830105564553
619,01_03_A0103142072000100044B,0.6666666666666666,0.4710220917225951,25.0,19.0,0.038554684762540314,0.5894099475746415
620,01_03_A0103142090000100031z,0.5,0.16585917312661502,34.0,15.0,1.0017847340752215,0.7246352336721806
621,01_03_a0103142100000700026z,0.5,0.6783026755852842,27.0,15.0,1.7342310665019218,0.9401691716542271
622,01_03_a0103142100000700033z,0.8333333333333334,0.6064823250728864,24.0,7.0,1.0026656791083564,0.7580155727327339
623,01_03_a0103142100000700043z,0.6666666666666666,0.2747976380042463,25.0,12.0,1.0001745095252366,0.6668110547703622
624,01_03_a0103142100000900024a,0.8333333333333334,0.691571661237785,23.0,9.0,1.0065112776816387,0.8018523250062976
625,01_03_a0103142100000900033a,0.6666666666666666,0.2776837845010616,28.0,14.0,1.001193101170629,0.7386294405879616
626,01_03_a0103142100000900033b,0.8333333333333334,0.2737902088036117,21.0,11.0,1.0008632961925736,0.6747366029371816
627,01_03_a0103142100000900033c,0.8333333333333334,0.4108500608272506,20.0,11.0,1.0009943302862134,0.7249093801199009
628,01_03_a0103142100000900033d,0.8333333333333334,0.5811771137026239,31.0,8.0,0.08889306623068131,0.7510157717159169
629,01_03_a0103142100000900043z,0.5,0.41747063758389263,30.0,16.0,1.0008809222947836,0.5792904619898139
630,01_03_A0103142100001900023z,0.6666666666666666,0.6419155604719764,28.0,12.0,1.4179025133903853,0.8188259634372398
631,01_03_a0103142100001900024z,0.8333333333333334,0.5917699724517906,23.0,9.0,1.0036276997496518,0.7974168247377857
632,01_03_a0103142100001900032z,1.0,0.559078166226913,20.0,8.0,0.0643992474613612,0.7301676482893316
633,01_03_a0103142100001900042z,0.6666666666666666,0.3039385893246188,26.0,11.0,1.0007403220742612,0.6553944144124162
634,01_03_a0103142100002200027z,0.6666666666666666,0.6699159021406728,23.0,12.0,1.4171733137039877,0.8157164955779821
635,01_03_a0103142100002200034z,0.8333333333333334,0.5831587099125365,24.0,7.0,1.0035377999533253,0.7757353977068753
636,01_03_a0103142100002200043z,0.8333333333333334,0.2434866173120729,28.0,14.0,0.058147864996447876,0.6544968248128765
637,01_03_a0103142100002200045z,0.6666666666666666,0.4551411290322581,32.0,14.0,0.0744437013779425,0.7281620372817939
638,01_03_a0103142100003000028z,0.5,0.4746394230769231,30.0,13.0,1.7322129024285178,0.7037101589783008
639,01_03_A0103142100004100024z,0.6666666666666666,0.6733084862385321,35.0,12.0,0.10246371418835787,0.8027826749021363
640,01_03_A0103142100004100031A,0.8333333333333334,0.7438956993569131,26.0,11.0,0.12187261019143253,0.8328061999164403
641,01_03_A0103142100004100032C,0.8333333333333334,0.3401837845010616,27.0,14.0,0.0785464499522868,0.6750771763225337
642,01_03_A0103142100004500023z,0.8333333333333334,0.2503263707571801,30.0,17.0,0.10126713246143157,0.7741664061140341
643,01_03_a0103142100004800026z,0.6666666666666666,0.4249671052631579,25.0,12.0,1.002580968425372,0.7422753874721163
644,01_04_a0104157010004300071z,0.3333333333333333,0.21636341383812008,78.0,44.0,1.018278249027032,0.7089777610499918
645,01_04_A0104157010004500051z,0.8333333333333334,0.4957171143250688,34.0,19.0,0.1044859963359584,0.7382389354034564
646,01_04_A0104157010004500065z,0.16666666666666666,0.4736698250728864,60.0,34.0,1.0158902516473902,0.8459869140427415
647,01_04_A0104157010007900022z,0.8333333333333334,0.2980110458612976,16.0,11.0,1.0019117266547315,0.6004718220966785
648,01_04_A0104157010007900031A,0.8333333333333334,0.3125,17.0,11.0,1.0008623320252936,0.5607498409360591
649,01_04_A0104157010008100026z,0.8333333333333334,0.24626791401273884,21.0,11.0,1.0017944068941609,0.6874791680320603
650,01_04_A0104157010008100032B,1.0,0.2453575388026608,14.0,8.0,0.04738389482814065,0.6503955496569471
651,01_04_A0104157010008100042z,0.6666666666666666,0.2153331043956044,30.0,16.0,0.06886240051311794,0.6690587690847671
652,01_04_a0104157010012700032F,0.8333333333333334,0.2504990786240786,23.0,7.0,1.0010784605980259,0.6784584609800889
653,01_04_a0104157030000800024z,0.8333333333333334,0.6662479903536977,23.0,9.0,1.0054383243758107,0.8538202145819064
654,01_04_A0104157030000800033z,0.8333333333333334,0.6002178649237473,30.0,17.0,0.04809670837104025,0.7391161440840349
655,01_04_A0104157030001200020z,0.3333333333333333,0.4214285714285714,29.0,18.0,1.738854190820184,0.9049888972228805
656,01_04_A0104157030001200028z,0.5,0.5991664416846652,30.0,17.0,1.7327010229953643,0.8044276266983357
657,01_04_a0104157030001300017A,0.3333333333333333,1.0892328199052133,36.0,18.0,1.7441388064569343,1.2216122346976015
658,01_04_a0104157030001300017B,0.3333333333333333,1.095305735930736,36.0,18.0,1.7420314784092994,1.2322327022350454
659,01_04_a0104157030001300017D,0.3333333333333333,1.0994631057268722,36.0,18.0,1.742747838700811,1.2393654687845428
660,01_04_A0104157030003700024z,0.5,0.6429380664652568,28.0,12.0,1.7340170525546967,0.8979444682920651
661,01_04_A0104157030003700031z,0.8333333333333334,0.1982294386422977,33.0,11.0,0.10044940578962093,0.7074840143635678
662,01_04_A0104157030004100022z,0.5,0.6343253968253968,31.0,15.0,1.7353129932361466,0.9104049376746028
663,01_04_A0104157030004200024z,0.5,0.6480263157894737,28.0,12.0,1.7342011849191097,0.9056238699310856
664,01_04_A0104157030004200031z,0.8333333333333334,0.19577205882352944,34.0,11.0,0.09396489319946297,0.6998529514377383
665,01_04_A0104157030004400022z,0.6666666666666666,0.6929315476190476,28.0,12.0,1.4176247263191508,0.799850686523581
666,01_04_A0104157030004400031z,0.6666666666666666,0.3314322354211663,25.0,14.0,1.0005130622446343,0.610484060170281
667,01_04_A0104157030004700022A,0.8333333333333334,0.19650676751592355,30.0,17.0,0.08486770326169091,0.6825262524673588
668,01_04_A0104157030004700030z,0.8333333333333334,0.5916755888650964,25.0,14.0,0.046708877562851386,0.6971078852472483
669,01_04_a0104157030006400032z,0.8333333333333334,0.5917913732394366,33.0,19.0,0.14156845185017874,0.7288819265721745
670,01_04_A0104157040000700027z,0.3333333333333333,0.7848998552123552,31.0,25.0,1.7395851832902187,1.0016106634311115
671,01_04_A0104157040000700035z,0.8333333333333334,0.4586377870563674,26.0,11.0,1.00058399286303,0.776006935120208
672,01_04_A0104157040001100033z,0.8333333333333334,0.6202396137026239,21.0,14.0,1.0057375518305498,0.7869072442116005
673,01_04_a0104157040001900028z,0.5,0.4508037694013304,30.0,15.0,1.733074400840808,0.7068973031999646
674,01_04_A0104157040002300025z,0.5,0.6553217821782178,30.0,16.0,1.7349524256737543,0.9173978342967274
675,01_04_A0104157040002400025z,0.6666666666666666,0.5376373626373626,23.0,17.0,1.0013521074858256,0.7895068078882039
676,01_04_A0104157040002400032z,1.0,0.4790350274725274,21.0,13.0,0.03996132983659904,0.6887019056668571
677,01_04_A0104157040002900025z,0.5,0.7314068100358423,23.0,13.0,1.7391021784597522,0.9890621115480214
678,01_04_A0104157040002900035z,0.8333333333333334,0.5965716336116911,26.0,11.0,1.0007146515744734,0.7414211140561766
679,01_04_a0104157040004900032z,0.8333333333333334,0.5856763579387186,21.0,13.0,1.0023986223749393,0.8080821969349168
680,01_04_A0104157040005300032z,1.0,0.10170094936708862,22.0,8.0,0.09048273155255636,0.6845504624954989
681,01_04_A0104157040005400028z,0.6666666666666666,0.5614436619718309,48.0,26.0,0.09812305549585762,0.8253346911081244
682,01_04_A0104157040005400033z,0.6666666666666666,0.17285370879120876,53.0,24.0,0.05057434002145776,0.6571496584740746
683,01_04_A0104157040005400047z,0.5,0.25519646924829154,76.0,37.0,0.05630446961550033,0.7694105920113085
684,01_04_A0104157040005500033A,0.8333333333333334,0.1875,28.0,12.0,1.0036898964811491,0.6471677549007797
685,01_04_A0104157040005500049z,0.6666666666666666,0.5471978305785123,35.0,22.0,0.17066825715298892,0.7506390744514839
686,01_04_A0104157040005900028z,0.6666666666666666,0.2772358425414365,37.0,18.0,1.0005906061584418,0.7128181941160522
687,01_04_A0104157040005900031z,0.6666666666666666,0.20434184537246047,23.0,8.0,1.0020340837579087,0.6314579651723895
688,01_04_A0104157040006200032z,0.6666666666666666,0.16877609603340293,51.0,24.0,0.0413891915642834,0.7053712728235426
689,01_04_a0104157040006300035z,0.8333333333333334,0.2801315789473684,22.0,9.0,1.0016114398554383,0.6844975706459762
690,01_04_a0104157040006300039z,0.6666666666666666,0.26567434210526314,18.0,12.0,1.0019189648097964,0.6637191526347348
691,01_04_A0104157040006400025A,0.6666666666666666,0.3056844547563805,37.0,19.0,0.07605418315748616,0.8323580107117813
692,01_04_A0104157040006400030z,0.6666666666666666,0.2292687908496732,31.0,11.0,0.06060968146233708,0.6965504023389437
693,01_04_A0104157040006400032z,0.6666666666666666,0.367721688034188,31.0,16.0,0.09234052440589728,0.7866406913134445
694,01_04_a0104157040006700022z,0.6666666666666666,0.28495065789473684,25.0,15.0,1.4156897766774097,0.7254059643464467
695,01_04_a0104157040006800024z,0.6666666666666666,0.7242804982817871,24.0,11.0,1.4173178188361977,1.0021969850660215
696,01_04_a0104157040006800031z,0.8333333333333334,0.08375596658711215,21.0,7.0,1.0025773180472497,0.6414690814832945
697,01_04_a0104157040006900031B,1.0,0.2127631578947368,18.0,10.0,0.10009734925210352,0.6869021632488922
698,01_04_a0104157040007300033z,0.8333333333333334,0.2260817307692308,21.0,15.0,0.058650566727390524,0.6507195575589905
699,01_04_a0104157040007500032z,1.0,0.4445880325814536,20.0,12.0,0.10094907733851566,0.7187458760674456
700,01_04_A0104157200000100015z,0.3333333333333333,1.0528846153846154,33.0,21.0,2.0084109756450568,1.2536197229735586
701,01_04_A0104157200000100017z,0.3333333333333333,1.0712448559670782,33.0,21.0,2.009530758163496,1.2761068520141334
702,01_04_A0104157200000100021z,0.6666666666666666,0.6593344740634006,26.0,12.0,1.4214960656118716,0.9712883635484344
703,01_04_A0104157200000200015z,0.3333333333333333,0.7570119257950529,29.0,21.0,2.007276526525964,0.927262497079682
704,01_04_A0104157200000200018z,0.5,1.0346563981042654,27.0,17.0,1.7425487362904486,1.1061743182592478
705,01_04_A0104157200000200022z,0.16666666666666666,0.5423475404312669,35.0,26.0,2.005462117665921,0.8079424720259138
706,01_04_A0104157200000700024z,0.8333333333333334,0.6621030948553055,23.0,15.0,1.004926505936439,0.8173076899268067
707,01_04_A0104157200000700032z,1.0,0.6219380403458213,23.0,8.0,0.07687420091272028,0.7294066496157499
708,01_04_A0104157200002300031z,0.8333333333333334,0.3056662087912088,23.0,15.0,0.06341984280603433,0.6270773613109092
709,01_04_A0104157200002600032z,0.6666666666666666,0.3665290432801822,26.0,11.0,1.0018172761350517,0.7029788752753705
710,01_04_A0104157200002600033z,0.8333333333333334,0.4747897427440633,29.0,17.0,0.04869602197079731,0.8346208144867142
711,01_04_A0104157210000400023z,0.8333333333333334,0.6437547782874617,20.0,13.0,0.09218469270876344,0.8609532193846066
712,01_04_A0104157220000800035z,0.8333333333333334,0.6361771755162242,27.0,12.0,1.002252518672613,0.8400362319605021
713,01_04_A0104157220001300025z,0.8333333333333334,0.5788276231263383,26.0,13.0,1.0008078094420036,0.6900694223138755
714,01_04_A0104157220001300032z,0.8333333333333334,0.5498110151187905,26.0,11.0,1.0005534870033237,0.7541408108367726
715,01_04_a0104157220002200023z,0.5,0.4645880361173815,33.0,15.0,1.7336291099597565,0.6259822636583231
716,01_04_a0104157220002600024z,0.8333333333333334,0.5473901098901099,21.0,12.0,1.0008970541861328,0.6764426172508858
717,01_04_a0104157220003300017z,0.5,0.8169212218649518,32.0,18.0,1.7407478024794616,1.1363436296885678
718,01_04_A0104157220003300022z,0.3333333333333333,0.7793181818181818,30.0,17.0,1.7373712768277387,1.0029252475313468
719,01_04_A0104157220003300025z,0.3333333333333333,0.7744175627240143,30.0,17.0,1.7377878990150384,0.9920347771293848
720,01_04_A0104157220004500032z,1.0,0.4614526098901099,25.0,12.0,0.03114750489624835,0.6837270231592134
721,01_04_a0104157220004800032z,1.0,0.6101315789473685,20.0,12.0,0.13395553951704864,0.8511503426810519
722,01_04_A0104157220004900025z,0.5,0.5591545012165451,34.0,15.0,1.7332389043910859,0.6618943392575543
723,01_04_A0104157220004900026z,0.5,0.548868909512761,31.0,16.0,1.7329610220264853,0.7528659338465813
724,01_04_A0104157220004900035z,0.8333333333333334,0.6220043572984749,26.0,11.0,1.000746273636376,0.7847364170722706
725,01_04_a0104157220005300024z,0.8333333333333334,0.5685576403887689,23.0,11.0,1.003381502630602,0.7961756802498164
726,01_04_a0104157220005300029z,0.8333333333333334,0.5498110151187905,21.0,11.0,1.0011602650322902,0.7482284774992954
727,01_04_A0104157220005300032z,0.8333333333333334,0.5337025316455696,25.0,13.0,1.0028972713766522,0.7611511927098309
728,01_04_a0104157220005400024z,0.8333333333333334,0.5673440762004176,25.0,9.0,1.0008902885797193,0.7108056688479895
729,01_04_A0104157220005400031N,0.6666666666666666,0.5132039835164834,26.0,12.0,1.0013097418244363,0.7304274453092258
730,01_04_A0104157220005400041z,0.8333333333333334,0.3846381578947369,21.0,14.0,0.0948097490223358,0.6323454011294973
731,01_04_A0104157220005400042z,0.6666666666666666,0.3499707259953162,30.0,18.0,0.08108193596396472,0.6780457213773958
732,01_04_A0104157220006100031A,1.0,0.4343472838137472,25.0,14.0,0.04216105043950972,0.6840379378944964
733,01_04_A0104157220006300024z,0.5,0.6318573667711599,27.0,16.0,1.7339057124480826,0.8801481597406943
734,01_04_A0104157220006300031A,0.6666666666666666,0.2017803649237473,31.0,16.0,0.049177629900005966,0.6463979905510602
735,01_04_A0104157220006300031B,0.6666666666666666,0.3391075388026608,28.0,18.0,0.048303214321493614,0.6151477554462013
736,01_04_A0104157220006900023z,0.16666666666666666,0.6052360893416928,34.0,28.0,1.7360547784873337,0.9214895923398068
737,01_04_A0104157220007200032A,0.8333333333333334,0.5616970021413277,26.0,11.0,1.0008010671993053,0.7684000181264079
738,01_04_A0104157220007400028z,0.5,0.2574293256130791,28.0,18.0,1.4173333620914776,0.9043489588600376
739,01_04_a0104157220008600023A,0.8333333333333334,0.3841282894736842,23.0,11.0,1.002037998313513,0.7972962187236122
740,01_04_a0104157220009100032A,0.8333333333333334,0.3982296286031042,21.0,9.0,1.0029999641086689,0.7576040483358956
741,01_04_a0104157220009100042z,0.6666666666666666,0.31557377049180324,21.0,13.0,1.0025312730690579,0.706780937249638
742,01_04_a0104157280001400031B,0.8333333333333334,0.5776273885350318,28.0,11.0,1.0015662927835145,0.7787797555634731
743,01_04_A0104157280002200031z,0.8333333333333334,0.4040395518358531,27.0,12.0,1.0009297651465991,0.6748082940327068
744,01_04_A0104157280002300031z,0.5,0.4508037694013304,24.0,15.0,1.732711162429906,0.680067943000607
745,01_04_A0104157280002300034z,0.6666666666666666,0.5313958333333333,24.0,14.0,1.0013738796863123,0.7902446497987113
746,01_04_A0104157280002400027z,0.8333333333333334,0.21980667960088696,19.0,7.0,1.002293312001755,0.6119959601767161
747,01_04_A0104157280002400032z,0.8333333333333334,0.2531700388026608,19.0,9.0,1.0029063751190652,0.6289155376581382
748,01_04_A0104157280002500026z,0.6666666666666666,0.07785888077858882,29.0,10.0,1.416490603245382,0.6590176058272021
749,01_04_A0104157280002500028z,0.8333333333333334,0.07798793859649122,31.0,13.0,0.07380442199041334,0.6211683781217323
750,01_04_A0104157280003400023z,0.8333333333333334,0.4133990180467091,22.0,11.0,1.0037191548974116,0.7839104764968359
751,01_04_A0104157280003400032z,1.0,0.2975161987041037,20.0,12.0,0.11344635266748035,0.7080032583422987
752,01_04_A0104157280003400033z,1.0,0.2747366173120729,21.0,10.0,0.11379364281497473,0.6918639756824249
753,01_04_A0104157280003400039z,0.8333333333333334,0.2358806209850107,30.0,8.0,0.05824301840011618,0.6562437233491037
754,01_04_A0104157280004500032z,0.6666666666666666,0.30322802197802196,37.0,14.0,0.07577367478634893,0.6887250452674618
755,01_04_A0104157280004500042z,0.5,0.3168956043956044,34.0,22.0,0.08048242109413138,0.7186651323701603
756,01_04_a0104157280007400032z,0.6666666666666666,0.3486677631578947,26.0,14.0,1.4147953883304134,0.7063391746864072
757,01_04_a0104157280008400032D,1.0,0.2577942037470726,23.0,14.0,0.1013145928826742,0.6826428556842316
758,01_04_a0104157280008500032A,0.6666666666666666,0.3602019498607242,26.0,11.0,1.4165687802719034,0.7934810760738199
759,01_04_a0104157280008500032F,0.6666666666666666,0.26278237951807226,20.0,11.0,1.415818086054092,0.6911630625868473
760,01_04_a0104157280008700024C,0.8333333333333334,0.2115460526315789,20.0,7.0,1.0015567223650448,0.6088211657163455
761,01_04_a0104157280008800033F,0.6666666666666666,0.20139672686230248,30.0,14.0,1.000747764128053,0.6833694494758045
762,01_04_a0104157280008900024C,0.8333333333333334,0.20380506900212314,20.0,7.0,1.001792358224798,0.6085410276589772
763,01_04_a0104157280008900033D,1.0,0.24374268149882905,19.0,10.0,0.07001487050106554,0.6198731117187171
764,01_04_a0104157280008900033E,1.0,0.125,23.0,10.0,0.04209262571244878,0.6093218383756098
765,01_04_a0104157280009000032z,0.8333333333333334,0.3621478873239437,27.0,9.0,1.008043307325618,0.7734862229895186
766,01_05_a0105151010000100044z,0.6666666666666666,0.2890625,22.0,16.0,1.0005271947232977,0.5858317661516566
767,01_05_a0105151010000600031z,0.5,0.4407388952164009,26.0,17.0,1.4157465737480008,0.6890685115304589
768,01_05_A0105151010001600019z,0.16666666666666666,0.6108021077283372,36.0,26.0,1.743118439690449,0.8525770479156847
769,01_05_A0105151010001600025z,0.16666666666666666,0.7721007604562737,34.0,27.0,1.7393344885460973,1.0306270511725055
770,01_05_a0105151010006200024z,0.6666666666666666,0.6811209862385321,30.0,19.0,1.0124342975819292,0.9138657947350038
771,01_05_a0105151010006200031A,0.8333333333333334,0.6727941176470589,31.0,16.0,0.11099802584957252,0.8511298008108291
772,01_05_a0105151010006200031B,0.6666666666666666,0.5289691091954023,26.0,14.0,1.0007952922665353,0.8047972999991865
773,01_05_a0105151010006200041z,0.5,0.26637781049250536,37.0,17.0,1.0009315523805171,0.6363155946839664
774,01_05_a0105151010006400023z,0.8333333333333334,0.3768756524008351,23.0,11.0,1.003945754361559,0.7546916602547694
775,01_05_a0105151050000100031z,0.3333333333333333,0.3817434210526316,30.0,17.0,1.4149199527736844,0.7350854541674142
776,01_05_a0105151050000700032z,1.0,0.6906297782874617,25.0,8.0,0.10295038850964627,0.7710971709652128
777,01_05_a0105151050001400020z,0.3333333333333333,1.0062203791469195,36.0,23.0,2.0060790597220928,1.1804924940536492
778,01_05_a0105151050001400031z,0.6666666666666666,0.7232142857142857,26.0,15.0,1.4174916962421973,0.9534966713802556
779,01_05_a0105151050002000032z,0.8333333333333334,0.4214114010989011,20.0,13.0,1.0011719153404222,0.6664783400823655
780,01_05_A0105151050002000033z,0.8333333333333334,0.4132595021413276,22.0,11.0,1.0007432543194628,0.6754897046126498
781,01_05_A0105151050002000038z,0.8333333333333334,0.4654933086560365,25.0,16.0,0.04719735407545469,0.5575162616079602
782,01_05_A0105151050002000042z,0.8333333333333334,0.4909160867237688,25.0,16.0,0.045043666446965,0.5693194846352726
783,01_05_a0105151050003100032z,0.8333333333333334,0.5548814898419865,26.0,11.0,1.001278864459175,0.6708311877412015
784,01_05_A0105151050004000024z,0.6666666666666666,0.638126959247649,26.0,17.0,1.4194679529857508,1.0068837303004936
785,01_05_A0105151050004000033z,0.8333333333333334,0.6748132288629738,26.0,8.0,1.0027543516727353,0.8027210064055982
786,01_05_A0105151050004900023z,0.8333333333333334,0.5268300248138957,23.0,11.0,1.0042009164222958,0.7798354089926948
787,01_05_A0105151050004900032A,0.8333333333333334,0.2757095917225951,15.0,9.0,1.0005241931533562,0.5946458523668662
788,01_05_A0105151050006500032A,0.8333333333333334,0.713982250755287,27.0,9.0,1.0033327795506488,0.8048527496031805
789,01_05_A0105151050006800022A,0.6666666666666666,0.6714140855457227,23.0,17.0,1.002611770446562,0.7851418473296872
790,01_05_A0105151050006800031z,1.0,0.2351278104925053,18.0,10.0,0.053156813551150095,0.6762417192723703
791,01_05_A0105151050006800040z,0.5,0.4546435889929742,33.0,19.0,0.058816365556599214,0.7090627845252291
792,01_05_a0105151050008900031A,0.8333333333333334,0.4709029227557411,28.0,16.0,0.04697801295835293,0.701423794920316
793,01_05_a0105151050008900031B,0.6666666666666666,0.6280684192200557,31.0,10.0,1.0015977561324,0.7914843944021777
794,01_05_a0105151050008900031C,0.8333333333333334,0.19072938413361168,21.0,7.0,1.0034974099530511,0.7141106554817158
795,01_05_A0105151054000100025z,0.3333333333333333,0.6148835920177383,29.0,20.0,1.7327899298869358,0.6903142499613825
796,01_05_a0105151069000100034z,0.8333333333333334,0.37076471382289417,26.0,11.0,1.0009810233079095,0.7836297669916001
797,01_05_A0105151080000100033A,0.8333333333333334,0.41536125319693096,21.0,11.0,1.001222390779014,0.6841654045028378
798,01_05_a0105151080000400031z,0.8333333333333334,0.6970149253731344,20.0,7.0,1.0038948639063252,0.8122630664792121
799,01_05_a0105151080000400036z,0.5,0.4760438972162741,29.0,12.0,1.0007300350587662,0.6405441443471309
800,01_05_A0105151080001700042z,0.5,0.3909777088036117,30.0,15.0,1.0012024140030122,0.6780637602633148
801,01_05_a0105151080001800032D,0.8333333333333334,0.27123142250530785,21.0,13.0,0.095407182980509,0.6770180301212397
802,01_05_a0105151080003200032A,0.8333333333333334,0.3076987419700214,19.0,9.0,1.000671580454935,0.6638899501843464
803,01_06_a0106143190000300033z,0.6666666666666666,0.7527115549828178,27.0,12.0,1.417666313679266,0.9084324209235976
804,01_06_a0106143190001200028z,0.6666666666666666,0.6454510703363915,27.0,15.0,1.4185777951006668,0.9216825294664642
805,01_06_a0106143190001200036z,1.0,0.2068414322250639,16.0,8.0,0.08322205185858259,0.6322633153440886
806,01_06_a0106143190001300033B,0.8333333333333334,0.4264696125265393,28.0,11.0,1.0012559281113038,0.7413511731872301
807,01_06_a0106143190002900025z,0.6666666666666666,0.7092770034843205,26.0,14.0,1.4189235117256722,0.949322977868974
808,01_06_a0106143190002900033z,1.0,0.6308302238805971,14.0,6.0,0.07974192746461659,0.7277671358925019
809,01_06_A0106143190003600023z,0.5,0.3181020518358531,24.0,17.0,1.4157236085549951,0.7545075650654219
810,01_06_a0106143190003600033z,0.8333333333333334,0.4406658496732026,32.0,15.0,0.04856162970920962,0.6869503778736964
811,01_06_a0106143200000200033N,1.0,0.2345208333333333,26.0,8.0,0.12406672961211135,0.684885165485076
812,01_06_a0106143200000200033S,0.8333333333333334,0.37799999999999995,24.0,12.0,1.0061612608040824,0.7023063465190534
813,01_06_a0106143200000200033T1,0.8333333333333334,0.6502256471389646,21.0,16.0,1.0035212352573029,0.7901232987852455
814,01_06_A0106143200000400036z,1.0,0.19458575581395354,22.0,8.0,0.08271659060233529,0.6706248752063465
815,01_06_A0106143200000500027z,0.5,0.647580329153605,27.0,12.0,1.7377630065548684,0.9641609465442976
816,01_06_A0106143200000500034z,1.0,0.4615781605922551,20.0,13.0,0.08816325148691227,0.730098375836618
817,01_06_A0106143210002300033A,0.8333333333333334,0.6594533554572272,20.0,7.0,1.0035299267257656,0.7691840936684498
818,01_06_A0106143300000200033z,0.8333333333333334,0.11820652173913047,26.0,7.0,1.0038381312349296,0.6177037970821325
819,01_06_a0106143300000300025z,0.5,0.6283558848797249,27.0,15.0,1.7352062104212949,0.9762954237830016
820,01_06_a0106143300000300034z,0.8333333333333334,0.5522501740947076,22.0,15.0,1.006152349475694,0.8458706118341802
821,01_06_A0106143300000600052A,0.5,0.43461506064690025,57.0,26.0,0.08306929692915804,0.7275563854582046
822,01_07_A0107152050000100023z,0.5,0.6986683848797249,30.0,16.0,1.4243151440762845,0.9137427435874641
823,01_07_A0107152050000100024z,0.5,0.6815677966101695,30.0,16.0,1.423333407604968,0.9017235245261755
824,01_07_A0107152050000100029z,0.5,0.5815922190201729,25.0,18.0,1.415793011925477,0.7416405778617863
825,01_07_A0107152050000100034z,0.6666666666666666,0.5955751424501424,21.0,15.0,1.0031260364995445,0.7077240242448911
826,01_07_A0107152050000400024z,0.6666666666666666,0.7548431734317343,24.0,14.0,1.4209907817180591,0.9002103394579533
827,01_07_A0107152050000400028z,0.5,0.702308362369338,28.0,18.0,1.4184707679033055,0.8702868912515027
828,01_07_A0107152050000400031z,0.5,0.6026917404129793,28.0,18.0,1.4162790774639114,0.8235958220927095
829,01_07_A0107152050000500021z,0.6666666666666666,0.7521067415730337,31.0,15.0,1.4267755417801362,0.966975538793468
830,01_07_A0107152050000500034z,0.3333333333333333,0.5131501182033097,31.0,18.0,1.4204236945255058,0.7263951977882248
831,01_07_A0107152050000600023z,0.5,0.7055412371134021,27.0,16.0,1.423103279866864,0.9054794483158344
832,01_07_A0107152050000600025z,0.3333333333333333,0.5965214067278287,34.0,20.0,1.419896340985558,0.8817744879136283
833,01_07_A0107152050000600030z,0.5,0.5643011527377522,24.0,18.0,1.4154791197711127,0.7259317205744017
834,01_07_A0107152050000600034z,0.3333333333333333,0.5476928374655647,26.0,17.0,1.7329299796833042,0.8023955436214723
835,01_07_A0107152050000700027z,0.6666666666666666,0.5072068798449613,22.0,16.0,1.4150613603721012,0.7370598916582608
836,01_07_A0107152050000700029z,0.6666666666666666,0.5131501182033097,26.0,15.0,1.4202258559948395,0.7805475124485141
837,01_07_a0107152050000700032z,0.5,0.4921697038724374,26.0,18.0,1.4162607020595932,0.7088920986076429
838,01_07_A0107152050000700033A,0.5,0.401671974522293,29.0,19.0,1.4151908478572597,0.6656153941850255
839,01_07_A0107152050000700033B,0.6666666666666666,0.4637320496083551,20.0,15.0,1.4179401278434345,0.7298219751822679
840,01_07_A0107152050000800024z,0.5,0.769546332046332,29.0,13.0,1.4244173612285955,0.9617717165636414
841,01_07_A0107152050000800033z,1.0,0.5211288811563168,22.0,12.0,0.03579034202842354,0.6955994423684717
842,01_07_A0107152050000800043z,0.8333333333333334,0.2717336136890951,23.0,13.0,0.024375657842343242,0.6431176339203576
843,01_07_a0107152050000900020z,0.16666666666666666,0.7873098859315589,38.0,27.0,1.7425016302829668,0.9893303115658176
844,01_07_a0107152050000900022z,0.6666666666666666,0.6680084745762712,26.0,14.0,1.4181319319984638,0.8917374092961696
845,01_07_a0107152050000900032z,1.0,0.31938618568232663,20.0,8.0,0.05198777396723001,0.6468641054951085
846,01_07_a0107152050001000024A,0.5,0.7011655948553055,28.0,14.0,1.7335303593816658,0.8178945341282651
847,01_07_a0107152050001300021z,0.8333333333333334,0.5776273885350318,24.0,11.0,1.001145309961327,0.7829367233304488
848,01_07_a0107152050001300032z,1.0,0.3277537796976242,22.0,10.0,0.04178095296478987,0.6322552953573269
849,01_07_a0107152050001500034z,0.6666666666666666,0.6660714285714285,24.0,16.0,1.0049860190662514,0.9511286271019318
850,01_07_A0107152050001600018z,0.5,0.8004343629343629,36.0,18.0,1.4252532245102152,0.9945681452155618
851,01_07_A0107152050001600019z,0.6666666666666666,0.8572530864197531,28.0,16.0,1.4299006412142865,1.0172691465508947
852,01_07_a0107152050001700028z,0.16666666666666666,0.5985738255033557,36.0,26.0,1.7400656487727109,0.7291770501608179
853,01_07_A0107152050001800025z,0.5,0.4473280098280098,25.0,15.0,1.4248899396708896,0.7640434722340296
854,01_07_A0107152050001800031z,0.6666666666666666,0.5349638650963597,27.0,16.0,1.4149461807062305,0.7465761851848282
855,01_07_A0107152050001900021z,0.5,0.6619224422442245,32.0,18.0,1.4220537682033878,0.9435751862522216
856,01_07_A0107152050001900027z,0.5,0.4979190180586908,22.0,18.0,1.4151910051431948,0.7042611798323933
857,01_07_A0107152050001900028z,0.6666666666666666,0.756213902640264,21.0,15.0,1.4177546072030052,0.8184792947510724
858,01_07_A0107152050001900031z,0.6666666666666666,0.5012559604904632,27.0,15.0,1.4158648382204764,0.7319441403835504
859,01_07_a0107152050002000028z,0.5,0.691680602006689,28.0,18.0,1.4174077106721137,0.8737594428718488
860,01_07_A0107152050002000033z,0.8333333333333334,0.2928240740740741,23.0,11.0,1.0008076985494123,0.7095647632395319
861,01_07_a0107152050002200025z,0.5,0.623114849187935,29.0,15.0,1.7364071354154973,0.7186690041691761
862,01_07_a0107152050002200036A,0.6666666666666666,0.4989657210401891,20.0,15.0,1.4150157086361594,0.6998928055693195
863,01_07_A0107152050002400027z,0.5,0.5523835920177383,29.0,15.0,1.7352890663735774,0.7068025694516141
864,01_07_A0107152050002400036z,0.6666666666666666,0.24267241379310345,20.0,15.0,1.414769045598343,0.7001050694051089
865,01_07_A0107152050002600022z,0.5,0.6141109785202864,29.0,16.0,1.4325746055903974,0.810615156972973
866,01_07_a0107152050002900026z,0.5,0.5539709172259508,29.0,15.0,1.7351996031225665,0.7051093249665226
867,01_07_a0107152050002900034z,0.6666666666666666,0.24267241379310345,20.0,15.0,1.414542053666454,0.6960667476949237
868,01_07_a0107152050003200033z,0.8333333333333334,0.5848684210526316,28.0,13.0,1.0003673232926709,0.6882529922007007
869,01_07_A0107152050003300034z,0.6666666666666666,0.5581496519721578,27.0,17.0,1.0023707627642873,0.6892310654350621
870,01_07_A0107152050003400026z,0.8333333333333334,0.5927106430155211,24.0,11.0,1.0023778483904564,0.8216474185316379
871,01_07_A0107152050003400035z,0.8333333333333334,0.32095343680709537,29.0,16.0,0.03892318432275337,0.6280730899335416
872,01_07_A0107152050003500027z,0.6666666666666666,0.5780152224824355,26.0,15.0,1.4165942452688176,0.6585419668958467
873,01_07_A0107152050004200034z,0.6666666666666666,0.2428281605922551,27.0,14.0,1.0024900976467326,0.7309142051748047
874,01_07_A0107152050004300024z,0.6666666666666666,0.3388985546038544,28.0,14.0,1.4150907084770397,0.7452746394510525
875,01_07_A0107152050004300032z,0.8333333333333334,0.5190762362637362,22.0,11.0,1.0008414710605442,0.6827964307103314
876,01_07_A0107152050004300038z,0.6666666666666666,0.3520604395604396,23.0,13.0,1.0010902343462538,0.5724459397387501
877,01_07_A0107152050004600014z,0.3333333333333333,0.9833575581395348,32.0,19.0,1.7339074274318962,1.0953388004883429
878,01_07_A0107152050004800024z,0.5,0.7436580882352941,25.0,15.0,1.736292949713518,0.9991359644144838
879,01_07_A0107152050004800030z,0.6666666666666666,0.6450754643962848,28.0,11.0,1.4152924314204245,0.8387962743355132
880,01_07_a0107152050005000034A,1.0,0.6460121268656717,19.0,8.0,0.08531213831230687,0.7783797873155153
881,01_07_A0107152050005700033z,0.6666666666666666,0.38461669389978215,30.0,14.0,1.0016894328784836,0.6531913784617671
882,01_07_A0107152050006000022z,0.5,0.5854713603818615,30.0,15.0,1.7327852077903798,0.6434826791514348
883,01_07_A0107152050006000030z,0.8333333333333334,0.4311429336188437,26.0,11.0,1.0014376187116445,0.7074011811161159
884,01_07_A0107152050006000040A,0.5,0.2638967268623025,23.0,16.0,1.0007546285834488,0.6534584627571395
885,01_07_A0107152050006000040B,0.6666666666666666,0.16979401805869074,22.0,12.0,1.0007499902570525,0.6617071477542645
886,01_07_A0107152050006100035zj,0.6666666666666666,0.3170977011494253,26.0,14.0,1.0109968980486326,0.7696747412090343
887,01_07_a0107152050006100038z,0.6666666666666666,0.4134320965417867,29.0,18.0,1.0153648417880736,0.855294953051725
888,01_07_A0107152050006400032B,0.6666666666666666,0.10473253880266076,24.0,16.0,1.0011773528909007,0.6389852772990716
889,01_07_A0107152050006900020z,0.3333333333333333,0.5155040634674922,31.0,21.0,2.001578344901606,0.8891848499431938
890,01_07_A0107152050006900032A,0.8333333333333334,0.5318627450980392,25.0,13.0,1.0023330079582329,0.7468482223204918
891,01_07_A0107152050006900032B,0.6666666666666666,0.5533973623853211,21.0,8.0,1.0009407861934625,0.7962262608055407
892,01_07_A0107152050007400023z,0.6666666666666666,0.4056812098501071,28.0,14.0,1.4148391109672978,0.7439385514806369
893,01_07_A0107152050007400031z,0.8333333333333334,0.5007026231263383,26.0,11.0,1.00116718861231,0.7055696545409482
894,01_07_a0107152050008700020A,0.3333333333333333,0.8897569444444444,32.0,14.0,2.004583425949007,1.013370978017471
895,01_07_a0107152050008700020B,0.5,0.7343197879858657,29.0,15.0,1.7349019870232159,0.9434274723038258
896,01_07_a0107152050008700023z,0.8333333333333334,0.677287421630094,24.0,7.0,1.0051053290917449,0.8348579786736683
897,01_07_a0107152050010300031z,0.6666666666666666,0.6087445965417867,35.0,17.0,0.0759522373465923,0.7044455280215156
898,01_07_a0107152050012200030B,0.8333333333333334,0.4462912087912088,27.0,14.0,1.0156240310333438,0.8114734850199423
899,01_07_A0107152070000100034z,1.0,0.4110039149888143,26.0,12.0,0.032747999618814166,0.7287435619304258
900,01_07_A0107152070000700023A,0.5,0.4325228459530026,29.0,16.0,1.7322271596757608,0.6725290195912639
901,01_07_A0107152070000700023B,0.5,0.4221813725490196,30.0,14.0,1.732630270613948,0.7807008490516876
902,01_07_A0107152070000700024A,0.6666666666666666,0.5977804770318021,23.0,14.0,1.4191748955504058,0.8795521328723447
903,01_07_A0107152070000700024B,0.5,0.6619224422442245,34.0,15.0,1.7347852659054386,0.8993666152079964
904,01_07_A0107152070000700032z,0.8333333333333334,0.5794707774049217,27.0,11.0,1.001381116490148,0.740089493774659
905,01_07_A0107152070000700049z,0.6666666666666666,0.2747366173120729,25.0,11.0,1.0004306371420213,0.6226402002728904
906,01_07_a0107152070000800023a,0.6666666666666666,0.4389880952380952,22.0,16.0,1.4150335087152135,0.6914036422385723
907,01_07_a0107152070000800023b,0.6666666666666666,0.3986822780678851,22.0,16.0,1.415012311894767,0.7067270024602793
908,01_07_a0107152070000800024a,0.6666666666666666,0.7938636363636363,20.0,11.0,1.4186012682337092,0.9186183962879868
909,01_07_a0107152070000800024b,0.6666666666666666,0.66258038585209,30.0,12.0,1.4172941642464985,0.9023185262335934
910,01_07_a0107152070000800032z,1.0,0.4736677631578947,25.0,12.0,0.058082171283481386,0.6853304347983061
911,01_07_A0107152070000900038z,0.6666666666666666,0.5405444964871194,28.0,18.0,1.4149913367219524,0.745154715433065
912,01_07_A0107152070001100035z,1.0,0.418937969924812,25.0,12.0,0.06243388525241553,0.6865448799280346
913,01_07_A0107152070001200033z,1.0,0.3987171420581656,26.0,12.0,0.035624078852438235,0.7221584317204401
914,01_07_A0107152070001300032z,1.0,0.16649671052631582,16.0,12.0,0.055384852961557485,0.6912251490998462
915,01_07_a0107152070001400024z,0.16666666666666666,0.6250272212543554,37.0,27.0,1.73894428882047,0.910801695707348
916,01_07_A0107152070001600034z,1.0,0.26511671686746985,25.0,14.0,0.13948075203341154,0.7339616580744891
917,01_07_a0107152070002500054z,0.6666666666666666,0.5305677816901408,42.0,25.0,0.0986512250106983,0.8545333472200268
918,01_07_A0107152080000100025z,0.5,0.5780518149882904,25.0,16.0,1.4245936425937251,0.7926273860899633
919,01_07_A0107152080000100029z,0.6666666666666666,0.4464485458612976,21.0,17.0,1.4149368540731548,0.5860399333240752
920,01_07_A0107152080000100034z,0.6666666666666666,0.4467807424593968,21.0,17.0,1.4150825646812268,0.5847642831982226
921,01_07_A0107152080000200033z,0.8333333333333334,0.2747976380042463,28.0,14.0,1.0011793158397062,0.6276270762529235
922,01_07_a0107152080000400024C,0.3333333333333333,0.27481956388206386,34.0,19.0,2.0011484731225084,0.7557056814864009
923,01_07_A0107152080000400032A,0.8333333333333334,0.2747976380042463,28.0,14.0,1.0011793158397062,0.6276270762529235
924,01_07_a0107152080000700026z,0.5,0.7356818181818182,32.0,25.0,1.4230939778723684,0.9107925498034416
925,01_07_a0107152080000700032z,0.8333333333333334,0.4021381578947368,28.0,14.0,1.0011302068792216,0.6939954168298694
926,01_07_a0107152080000800025z,0.3333333333333333,0.5024651972157772,29.0,25.0,1.740530698492842,0.6247663472217341
927,01_07_A0107152080000800026z,0.6666666666666666,0.4600733634311512,25.0,15.0,1.416168652175436,0.6178525500818021
928,01_07_A0107152080000800028z,0.5,0.4901065180586908,22.0,18.0,1.4147599897603311,0.6986748614349817
929,01_07_A0107152080000800034z,0.6666666666666666,0.4609192037470726,22.0,15.0,1.4166492591384598,0.7205927318596747
930,01_07_A0107152080001000025A,0.6666666666666666,0.7124140893470791,26.0,14.0,1.4172036765907203,0.8974406121413113
931,01_07_A0107152080001000025B,0.8333333333333334,0.394375,22.0,13.0,1.0009962403400592,0.7353458505442982
932,01_07_A0107152080001000030z,0.8333333333333334,0.5584374999999999,24.0,11.0,1.0004161068716924,0.7243013807396212
933,01_07_A0107152080001200025z,0.5,0.7979240282685512,31.0,17.0,1.4185030067175517,1.0212401558625674
934,01_07_A0107152080001200029z,0.5,0.4657006766381766,25.0,15.0,1.4164146981250143,0.8386952447539688
935,01_07_A0107152080001200032z,0.8333333333333334,0.4397637527233115,23.0,15.0,0.036212408482868164,0.7665167037969913
936,01_07_A0107152080001300023z,0.6666666666666666,0.5846264367816092,24.0,15.0,1.4156079946007716,0.7019040764829686
937,01_07_a0107152080002200025z,0.3333333333333333,0.6305614406779662,33.0,26.0,1.7390788291413544,0.8706700736802294
938,01_07_a0107152080002200032z,1.0,0.4702054336188437,25.0,12.0,0.044224636903826726,0.7047147518521312
939,01_07_A0107152080002500025z,0.6666666666666666,0.6144041769041769,22.0,15.0,1.4160067249066035,0.7855376563315849
940,01_07_A0107152080002500032z,0.8333333333333334,0.6425287356321839,24.0,15.0,0.05354090022322715,0.7465363799451747
941,01_07_A0107152080002700025z,0.5,0.7211363636363637,30.0,15.0,1.7362506089122156,0.9047098344737086
942,01_07_A0107152080002700033z,0.8333333333333334,0.4997106481481482,27.0,11.0,1.0025631638952879,0.7002798604932283
943,01_07_A0107152080002700043z,0.6666666666666666,0.3663415605095541,26.0,11.0,1.000512430642523,0.6914897570608468
944,01_07_A0107152080002800025z,0.5,0.7272526501766784,30.0,15.0,1.7353840492466923,0.9084368362567804
945,01_07_A0107152080002800033z,0.8333333333333334,0.4923492494824017,27.0,11.0,1.0016879023257352,0.6939458106050116
946,01_07_A0107152080002800043z,0.6666666666666666,0.3793109939759036,26.0,11.0,1.000772186097963,0.7058395943166051
947,01_07_A0107152080003000025z,0.6666666666666666,0.2950986842105263,21.0,14.0,1.0025292959017698,0.6774777029820727
948,01_07_A0107152090000200026z,0.5,0.7272526501766784,28.0,15.0,1.7354853033687387,0.8452559502894925
949,01_07_A0107152090000600026z,0.6666666666666666,0.7144332627118644,24.0,14.0,1.4166996044123303,0.8901155805801564
950,01_07_A0107152090000600033SN,1.0,0.4736803944315545,23.0,12.0,0.04259262937479093,0.715191117573888
951,01_07_A0107152090000600045N1,0.6666666666666666,0.4145128446115288,34.0,16.0,0.05064670748574542,0.7556691493775759
952,01_07_a0107152090001100033z,0.8333333333333334,0.2447339246119734,28.0,15.0,0.05357484269637201,0.6840718053950282
953,01_07_A0107152090001700035z,0.8333333333333334,0.3908859603340292,26.0,14.0,1.001090363493326,0.7560474730283759
954,01_07_A0107152090002200026z,0.5,0.6226015801354402,29.0,16.0,1.4227421851420985,0.7963571600912053
955,01_07_A0107152090002200031z,0.3333333333333333,0.5759248210023866,29.0,18.0,1.422291383866449,0.7713062065916851
956,01_07_a0107152090002400025z,0.6666666666666666,0.5825841067285382,23.0,17.0,1.0019526583114242,0.8098869502832666
957,01_07_A0107152090002400033z,1.0,0.4232906879194631,21.0,12.0,0.05524620401211795,0.7077776201316311
958,01_07_a0107152090002400045z,0.6666666666666666,0.2998862419700214,26.0,18.0,0.032659223511093904,0.5992912949737994
959,01_07_A0107152090002400054z,0.6666666666666666,0.36994029156327546,31.0,24.0,0.060444434567699476,0.6511392336661049
960,01_07_a0107152090002700025z,0.6666666666666666,0.35378516454352443,30.0,12.0,1.4147906760300333,0.7301207291545955
961,01_07_a0107152090002700033A,0.6666666666666666,0.2843603629976581,27.0,10.0,1.0009439634704491,0.7171037213745812
962,01_07_A0107152090002800026z,0.5,0.6005094043887147,30.0,15.0,1.7343915899460751,0.8532695420009537
963,01_07_A0107152090003600034z,0.8333333333333334,0.5176630434782609,20.0,14.0,1.003054598660635,0.8519387652254417
964,01_07_A0107152090003600047z,0.5,0.4171728629976581,38.0,19.0,1.0014060761961476,0.7336364925700877
965,01_07_a0107152090003900024z,0.8333333333333334,0.3635237068965517,17.0,13.0,1.0031573019820526,0.6199931170781826
966,01_07_a0107152090003900034z,0.6666666666666666,0.28474069148936165,29.0,13.0,1.0049385558586783,0.6782785716411533
967,01_07_a0107152090003900045z,0.3333333333333333,0.36135473433242493,39.0,21.0,1.0070794943918446,0.7152354091685389
968,01_07_A0107152090004200025z,0.8333333333333334,0.3784906914893617,20.0,13.0,1.0017078180802317,0.7460875358174802
969,01_07_A0107152099000100025z,0.6666666666666666,0.6201697892271663,24.0,15.0,1.416064908127515,0.7121439560255602
970,01_07_A0107152099000100031z,0.6666666666666666,0.5832858769931664,26.0,15.0,1.4167015041743969,0.7024108638947558
971,01_07_A0107152099000100032z,1.0,0.470458466029724,22.0,12.0,0.05178326434567624,0.6819484752569936
972,01_07_A0107152100000100025A,0.6666666666666666,0.6822271671826625,31.0,12.0,1.4169331304104433,0.8510965937805116
973,01_07_A0107152100000100025B,0.6666666666666666,0.7658522727272727,22.0,14.0,1.41881845900419,0.8769963856532216
974,01_07_A0107152100000100043z,0.5,0.462859762979684,34.0,19.0,0.07223118995849738,0.6338726848315014
975,01_07_a0107152100000200031z,0.8333333333333334,0.3804405520169851,25.0,11.0,1.0006765349449214,0.6185680754690706
976,01_07_A0107152100000200049z,0.6666666666666666,0.3093278712296984,31.0,18.0,0.1217380084398245,0.6586734476797566
977,01_07_A0107152100000300025z,0.5,0.2240940553745928,30.0,15.0,1.734809705617003,0.8483278603369482
978,01_07_A0107152100000400024z,0.6666666666666666,0.5930075593952484,29.0,16.0,1.4214881439890423,0.7082980445841703
979,01_07_a0107152100000400025z,0.6666666666666666,0.5971452328159645,29.0,16.0,1.4218949150662883,0.7075770440817587
980,01_07_A0107152100000400026z,0.8333333333333334,0.5088083791208791,15.0,13.0,1.0014277160846836,0.6637154228779495
981,01_07_A0107152100000400034z,0.8333333333333334,0.5427631578947368,29.0,15.0,0.03794651932404404,0.6980465359233657
982,01_07_A0107152100001300024z,0.8333333333333334,0.3982562354988399,22.0,11.0,1.003588152446396,0.7417527493996766
983,01_07_A0107152100001300032z,1.0,0.2798248626373626,26.0,12.0,0.08573037592070269,0.689795415784241
984,01_07_A0107152100001600026z,0.8333333333333334,0.568218954248366,23.0,11.0,1.0016794360323782,0.6963795462446174
985,01_07_A0107152100001600034z,1.0,0.3185719936708861,23.0,12.0,0.09220670388855016,0.6773931127020457
986,01_07_A0107152100001800031A,1.0,0.34841554449648715,21.0,12.0,0.10976558437435614,0.6803280563962971
987,01_07_a0107152100001900033B,0.8333333333333334,0.1694368131868132,18.0,13.0,1.0145396698974258,0.7176027818344961
988,01_07_A0107152100001900033z,0.8333333333333334,0.16481531049250536,20.0,13.0,1.0153361925359894,0.7153377967881978
989,01_07_A0107152100002400025z,0.8333333333333334,0.6259368308351178,22.0,13.0,1.0017807528714486,0.7489032304588621
990,01_07_A0107152102000100024z,0.6666666666666666,0.40734678725701945,29.0,14.0,1.004400434926515,0.7905503618923521
991,01_07_A0107152102000100032A,0.6666666666666666,0.3696693232662193,31.0,14.0,1.0015717624821765,0.6741091059736659
992,01_07_A0107152102000100041z,0.6666666666666666,0.35966057441253263,27.0,13.0,1.009907685825148,0.717222081046993
993,01_07_a0107152120000600024z,0.6666666666666666,0.26151916058394165,25.0,13.0,1.4163598641026958,0.6921798962525906
994,01_07_a0107152120000600034z,0.8333333333333334,0.24547502955082745,17.0,14.0,1.004283002948303,0.6410351719091961
995,01_07_a0107152120000600038z,0.8333333333333334,0.3122708333333334,26.0,12.0,1.006582778223712,0.7388914880580326
996,01_07_a0107152130000500026C,1.0,0.3495401907356949,25.0,14.0,0.10860016712063188,0.7542360410991514
997,01_07_a0107152130000500033C,0.8333333333333334,0.3700636422976501,25.0,16.0,0.059449831518596376,0.7181937817568983
998,01_07_a0107152130000700033B,0.8333333333333334,0.0890478629976581,31.0,16.0,0.08981383103551564,0.6836296310016023
999,01_08_a0108153010000200017S,0.3333333333333333,0.3410815939278937,34.0,19.0,2.002379724777251,0.7547084745575261
1000,01_08_a0108153010000200023z,0.5,0.2836842105263158,25.0,17.0,1.7332010146378618,0.60996236151256
1001,01_08_a0108153010000200028z,0.8333333333333334,0.3089091614906832,23.0,10.0,1.0004158216077152,0.6552115434290885
1002,01_08_a0108153010000200031z,0.8333333333333334,0.4780505952380952,23.0,14.0,1.0007569817642858,0.7055952069499491
1003,01_08_a0108153010001700025z,0.5,0.6660714285714285,27.0,15.0,1.7333363937643336,0.8949374296434995
1004,01_08_A0108153010002400032z,1.0,0.4758200593952484,25.0,12.0,0.048985661152149536,0.7037323999116701
1005,01_08_a0108153010003300024A,0.5,0.6065962099125365,30.0,15.0,1.7332439074166264,0.8601042419836425
1006,01_08_A0108153010003800033z,0.5,0.18134111771058314,25.0,17.0,1.008789638323044,0.6206913026046849
1007,01_08_a0108153010005900033A,0.8333333333333334,0.4262706043956044,19.0,9.0,1.0009742181113288,0.6657312664794213
1008,01_08_A0108153030000200026z,0.3333333333333333,0.6345149253731344,37.0,26.0,1.7376424398072785,0.8991735241860168
1009,01_08_A0108153030000200032z,0.8333333333333334,0.5617028061224489,19.0,5.0,1.00243173268254,0.7338537038335919
1010,01_08_A0108153030000200043z,0.6666666666666666,0.5015695541760723,27.0,14.0,1.0004999810846946,0.5869463236024456
1011,01_08_A0108153030000300017z,0.5,1.1424867021276597,28.0,18.0,1.7362664367673082,1.2609505751466228
1012,01_08_A0108153030000300022z,0.5,0.6046641791044776,27.0,17.0,1.737291451883632,0.8413187006153402
1013,01_08_a0108153030000400025z,0.5,0.7232142857142857,29.0,15.0,1.7341046468932328,0.9488985181030144
1014,01_08_a0108153030000400032z,0.8333333333333334,0.6003710511982571,28.0,11.0,1.0009138714498635,0.7852730723976615
1015,01_08_a0108153030000400043z,0.8333333333333334,0.3389487419700214,23.0,13.0,0.05198766906154016,0.603234857929359
1016,01_08_A0108153030000500029z,0.5,0.6332186544342507,24.0,15.0,1.7339285619932,0.8545072878603631
1017,01_08_a0108153030000600017z,0.5,1.0154467680608366,27.0,19.0,1.7462716461091818,1.2799811818151914
1018,01_08_a0108153030000600026A,0.6666666666666666,0.6668993155619597,26.0,12.0,1.4196139819536182,1.0282265917581987
1019,01_08_a0108153030000600026B,0.3333333333333333,0.2491521317829457,31.0,17.0,2.000466446454212,0.6040408459915251
1020,01_08_a0108153030000600026C,0.3333333333333333,0.6597222222222222,30.0,17.0,1.7424727658839199,0.8989374054799616
1021,01_08_a0108153030000600032z,0.6666666666666666,0.5338304384965831,28.0,14.0,1.4158914296997482,0.6549101584948313
1022,01_08_a0108153030000800033z,0.6666666666666666,0.5587121212121212,28.0,16.0,1.417317699434702,0.8485576911520198
1023,01_08_a0108153030001100025z,0.5,0.6685231023102309,29.0,15.0,1.7344052150648923,0.9142187298659926
1024,01_08_a0108153030001100032z,0.8333333333333334,0.5191046573875804,22.0,11.0,1.0019307177055958,0.6761603180893675
1025,01_08_a0108153030001100042z,0.6666666666666666,0.3257250816993464,26.0,11.0,1.0006681870289609,0.6224290482609796
1026,01_08_A0108153030002300024z,0.6666666666666666,0.7154661016949152,24.0,14.0,1.417560074328425,0.9005719269226893
1027,01_08_A0108153030002300032z,0.8333333333333334,0.6694188963210702,26.0,7.0,1.0042907943514272,0.7891236289593888
1028,01_08_A0108153030002400022z,0.5,0.6299198250728864,29.0,15.0,1.7351326213073068,0.8358006742054318
1029,01_08_A0108153030002400031a,0.8333333333333334,0.6114774464831805,25.0,7.0,1.003915810104116,0.7561901545068791
1030,01_08_A0108153030002400031a1,0.8333333333333334,0.362609474522293,23.0,11.0,1.0006912991663512,0.6638708350410949
1031,01_08_a0108153030002500034z,0.5,0.3126506024096386,28.0,18.0,1.4148821207636155,0.7951804273663595
1032,01_08_a0108153030002800031z,0.8333333333333334,0.6264554336188437,26.0,11.0,1.0010616357116666,0.7793964836786329
1033,01_08_a0108153030002900026z,0.3333333333333333,0.7484540636042403,25.0,17.0,1.7342847004371575,0.9192852000919436
1034,01_08_a0108153030002900032z,0.8333333333333334,0.5939700704225352,21.0,14.0,0.06565573520437767,0.7279118912886526
1035,01_08_a0108153030003700031z,0.8333333333333334,0.4108446125265393,26.0,11.0,1.003835014288772,0.7006636234870172
1036,01_08_a0108153030005400024A,0.6666666666666666,0.23492494824016566,23.0,8.0,1.4152920521562866,0.6400630255862377
1037,01_08_a0108153030005400024C,0.8333333333333334,0.19204418344519011,20.0,13.0,1.0019590315740985,0.6927368878529344
1038,01_08_a0108153030005400034A,1.0,0.25428055896805896,19.0,12.0,0.10392714169510156,0.6975625191849796
1039,01_08_a0108153030005400034C,1.0,0.2495192307692308,22.0,10.0,0.09983215581534027,0.7028332304729525
1040,01_08_a0108153030005400046A,0.8333333333333334,0.2569646317829457,26.0,18.0,0.10973540006460718,0.7569497354725326
1041,01_08_a0108153030005400057z,0.6666666666666666,0.2843184192200557,46.0,20.0,0.12283641118844793,0.7825148130271697
1042,01_08_a0108153034000100041z,0.8333333333333334,0.6308534743202417,26.0,18.0,0.09000217864067853,0.8382770940153154
1043,01_09_A0109139050000100022z,0.5,0.5908923303834809,29.0,15.0,1.7366906638007622,0.8849629589104314
1044,01_09_A0109139050000200025z,0.6666666666666666,0.6187688821752266,28.0,14.0,1.4189725423630817,0.8531799714170738
1045,01_09_A0109139050000200033z,0.5,0.1408745393120393,25.0,18.0,1.4144104481951192,0.8025857885611923
1046,01_09_A0109139050000200036z,0.5,0.4480988995485327,20.0,14.0,1.4142806041870586,0.6658568901451193
1047,01_09_A0109139050000200045z,0.6666666666666666,0.5210380835380836,25.0,12.0,1.0019578061333074,0.7007169822202362
1048,01_09_A0109139050000600033z,1.0,0.6628351586102719,24.0,10.0,0.10901422626093912,0.8176456874078097
1049,01_09_A0109139050000600043z,0.5,0.4514331210191082,35.0,15.0,0.056892827428003875,0.6563325127930358
1050,01_09_A0109139050000700027z,0.6666666666666666,0.7301829268292683,28.0,14.0,1.4181981219845177,0.9122844192826576
1051,01_09_A0109139050000700033z,1.0,0.5505627796420582,19.0,12.0,0.04594432986201047,0.6885141504614595
1052,01_09_A0109139050000800025z,0.5,0.742724441580756,31.0,15.0,1.7353250686930917,0.8290539027572968
1053,01_09_A0109139050000800033z,0.8333333333333334,0.43314965197215777,27.0,13.0,0.045954780850865226,0.6644895392541187
1054,01_09_A0109139050000800043z,0.8333333333333334,0.4905364923747277,23.0,15.0,0.0403259660618252,0.5459795761359345
1055,01_09_A0109139050000900033z,0.6666666666666666,0.628544776119403,27.0,19.0,1.004222078137363,0.8196379715580565
1056,01_09_A0109139050001100013z,0.5,0.43500610749185664,24.0,16.0,1.7385946413337217,0.8141353479340321
1057,01_09_A0109139050001100021z,0.5,0.5098514211886305,26.0,16.0,1.7347368753523038,0.7774616669273945
1058,01_09_A0109139050001200024z,0.6666666666666666,0.7176302931596091,25.0,12.0,1.416573483930846,0.8369740373130534
1059,01_09_A0109139050001400049z,0.6666666666666666,0.3061557424593968,40.0,20.0,0.038845070202940236,0.6929728487768896
1060,01_09_A0109139050001900014z,0.3333333333333333,1.0525999493927125,35.0,21.0,2.0126995227962405,1.1309620283670403
1061,01_09_A0109139050001900017z,0.3333333333333333,1.021026234567901,31.0,21.0,2.011001567577801,1.0915835653256791
1062,01_09_A0109139050001900021z,0.5,0.6222212099125365,25.0,13.0,1.737641343567048,0.8147335373242529
1063,01_09_A0109139050002100017z,0.3333333333333333,0.5281344410876133,31.0,21.0,2.003742980221163,0.8025793860055717
1064,01_09_A0109139050002100021z,0.5,0.6304260450160771,25.0,13.0,1.7360695502962866,0.8251082626187098
1065,01_09_A0109139050002600021z,0.6666666666666666,0.7005476804123711,22.0,12.0,1.4234846955564997,0.8812613868846059
1066,01_09_A0109139050002900017z,0.3333333333333333,0.8217524509803922,35.0,21.0,2.0068886628485885,0.9419861469773502
1067,01_09_A0109139050002900021z,0.6666666666666666,0.7151181020066891,22.0,12.0,1.4238083434105904,0.8872292411671912
1068,01_09_A0109139050003300021z,0.5,0.8429982817869416,32.0,16.0,1.4224942324093888,1.0053513838463937
1069,01_09_A0109139050003500017z,0.3333333333333333,0.9701625922509224,35.0,21.0,2.0072832610192326,1.0438479854574794
1070,01_09_A0109139050003600031A,0.8333333333333334,0.4726645435244161,23.0,11.0,1.0018283100813548,0.6725058138933248
1071,01_09_a0109139050004000032z,1.0,0.2309970898004435,15.0,9.0,0.11723843158125412,0.6576029893419056
1072,01_09_A0109139050004600032z,1.0,0.5544583333333334,22.0,10.0,0.0948321345447882,0.731309403345777
1073,01_09_a0109139050004800023z,0.8333333333333334,0.6511002813504824,22.0,7.0,1.0058164320451246,0.7909421755029499
1074,01_09_a0109139050005200022z,0.8333333333333334,0.6731495468277946,28.0,17.0,0.10464814521550772,0.8827569758582681
1075,01_09_A0109139050005200032A,0.8333333333333334,0.5633178374655647,27.0,16.0,0.11351397202580045,0.7408403971651776
1076,01_09_A0109139050006300032A,0.8333333333333334,0.19638301749271134,32.0,18.0,0.1185024851835856,0.7535739539222492
1077,01_09_A0109139050006300032B,0.6666666666666666,0.4130282210401891,34.0,16.0,0.05718916666206171,0.7066185490325809
1078,01_09_a0109139050006800046z,0.6666666666666666,0.44165105585831066,37.0,27.0,0.09625585354753652,0.8141427540080959
1079,01_09_a0109139052000100018z,0.3333333333333333,1.0826070717131475,33.0,21.0,2.0021914140534025,1.1232761833100562
1080,01_09_a0109139052000100025z,0.6666666666666666,0.7142933848797249,30.0,16.0,1.4172626065194742,0.8819458449526265
1081,01_09_A0109139200000100015z,0.5,1.1498287671232876,34.0,18.0,1.7367209708661362,1.304272559209371
1082,01_09_A0109139200000100017z,0.5,1.0902196652719665,34.0,18.0,1.7359825907663695,1.2588406293695316
1083,01_09_A0109139200000200018z,0.16666666666666666,0.6250496031746032,33.0,21.0,1.7386136401594838,0.9703656174163636
1084,01_09_A0109139200000200022z,0.16666666666666666,0.6394253277153558,39.0,27.0,1.7385604814041404,1.0023445811322482
1085,01_09_A0109139200000200028z,0.5,0.5832582853025937,27.0,18.0,1.4160154109611267,0.8942359504350811
1086,01_09_A0109139200000200033z,0.5,0.573987676056338,27.0,18.0,1.4161113783737365,0.8843100092543857
1087,01_09_A0109139200000300013z,0.5,1.1069560669456069,32.0,20.0,1.7339992140996343,1.28185740449792
1088,01_09_A0109139200000300017z,0.3333333333333333,1.0818514644351465,35.0,18.0,1.7429897212628656,1.2826153948926942
1089,01_09_A0109139200000300026z,0.3333333333333333,0.691680602006689,39.0,25.0,1.735817749179826,0.9327402221310483
1090,01_09_A0109139200000300029z,0.5,0.5613489420062696,24.0,18.0,1.4168550684399812,0.8549883943723221
1091,01_09_A0109139200000300033z,0.5,0.6007789454277286,23.0,18.0,1.4161891465272176,0.8883690307059244
1092,01_09_A0109139200000300035z,0.6666666666666666,0.4421838407494145,28.0,15.0,1.4156113059986384,0.8112628609172151
1093,01_09_A0109139200000400019z,0.3333333333333333,0.5850169939577039,35.0,19.0,1.7360746936026454,1.0163451416654123
1094,01_09_A0109139200000600023z,0.3333333333333333,0.4699344023323615,31.0,19.0,1.7331030942692651,0.8042834453049019
1095,01_09_A0109139200001000019z,0.16666666666666666,1.0228602216748768,39.0,17.0,1.7556917445054154,1.263116433781219
1096,01_09_A0109139200001100033z,0.6666666666666666,0.2924965659340659,31.0,16.0,1.0016132655098986,0.6402694826946401
1097,01_09_A0109139200001100044z,0.5,0.2721729490022173,35.0,23.0,1.0026126257888677,0.6525579267391522
1098,01_09_A0109139200001300042z,0.6666666666666666,0.2207074175824176,28.0,15.0,1.0024674613146576,0.6516001927638221
1099,01_09_A0109139200001600053z,0.6666666666666666,0.4465493073878628,26.0,16.0,0.060831922066521736,0.5929969823388053
1100,01_09_A0109139200002300037z,0.6666666666666666,0.5004990786240786,24.0,18.0,1.0011254972163826,0.8308425871943043
1101,01_09_A0109139200002500032z,0.8333333333333334,0.5346867007672634,21.0,16.0,1.0024497356742852,0.8144022906948967
1102,01_09_A0109139200002600035z,1.0,0.6982507288629738,22.0,14.0,0.07605315609273715,0.8448165050806332
1103,01_09_A0109139200002700043z,0.6666666666666666,0.49646805896805896,32.0,18.0,0.07152590156897673,0.7452253680306519
1104,01_09_A0109139200002800032z,1.0,0.16564477848101267,23.0,8.0,0.06677910853722692,0.6771064088204021
1105,01_09_A0109139200003100043z,0.6666666666666666,0.30953282828282824,20.0,9.0,1.000304859853999,0.6010815150819098
1106,01_09_A0109139200003200018z,0.5,1.107103524229075,32.0,19.0,1.7490123613146664,1.2684656569485933
1107,01_09_A0109139200003200022z,0.3333333333333333,0.6940597667638484,38.0,20.0,2.0013195481842385,0.9217050587947164
1108,01_09_A0109139200003200024z,0.5,0.8614422250859106,35.0,15.0,1.7347652255182768,0.9732373911803984
1109,01_09_A0109139200003200025z,0.3333333333333333,0.6492644498607242,39.0,23.0,1.4202369493860043,0.8677027026997075
1110,01_09_A0109139200003200028z,0.6666666666666666,0.6056626773049646,26.0,14.0,1.4149997831437622,0.8244800266771661
1111,01_09_A0109139200003300013z,0.5,1.1315639269406392,32.0,20.0,1.7340799128677542,1.267597660472255
1112,01_09_A0109139200003300023z,0.3333333333333333,0.4691579634464752,30.0,19.0,1.7326308496787122,0.8009139794268915
1113,01_09_A0109139200003400013z,0.5,1.1315639269406392,32.0,20.0,1.7340564047023512,1.2887183447911508
1114,01_09_A0109139200003400023z,0.3333333333333333,0.3681856572481572,25.0,20.0,1.7323936049195827,0.8688980051379308
1115,01_09_A0109139200003500013z,0.5,1.1406963470319635,32.0,20.0,1.7338028643598968,1.2877109188055342
1116,01_09_A0109139200003500023z,0.3333333333333333,0.6071611035422343,30.0,17.0,1.733467452030086,0.9527055874422996
1117,01_09_A0109139200003500029z,0.5,0.5620367250673854,27.0,18.0,1.4151575356166473,0.8690856639892491
1118,01_09_A0109139200003500030z,0.5,0.5081188725490197,31.0,20.0,1.414837799288165,0.8704326157982029
1119,01_09_A0109139200003500033a,0.5,0.5828634085213033,27.0,18.0,1.414962127496626,0.8705537107227398
1120,01_09_A0109139200003800019z,0.3333333333333333,0.5849243515850144,31.0,19.0,1.7345900078570806,1.0124113265785075
1121,01_09_A0109139200004300019z,0.3333333333333333,0.5825585399449036,31.0,19.0,1.734397757486814,1.01368312033874
1122,01_09_A0109139200004700033z,0.8333333333333334,0.5701781326781327,25.0,12.0,1.0017979955419327,0.7736549075487005
1123,01_09_A0109139200004800034z,1.0,0.642563439849624,21.0,14.0,0.060825543039890566,0.8036350674555715
1124,01_09_A0109139200005100025z,0.3333333333333333,0.7486111111111111,31.0,17.0,1.738676927761145,0.9608974765135772
1125,01_09_A0109139200005200025z,0.6666666666666666,0.7979240282685512,25.0,15.0,1.4190168290181011,0.9982943996597556
1126,01_09_A0109139200005200033z,0.8333333333333334,0.6163541666666666,25.0,18.0,0.05688568922761901,0.8328102086061964
1127,01_09_A0109139200005700025z,0.3333333333333333,0.5456967807424594,23.0,20.0,1.7326739613592586,0.8624916911180287
1128,01_09_A0109139200006200026z,0.5,0.7409055727554179,29.0,15.0,1.7338417760819855,0.9635866909733628
1129,01_09_A0109139200006200033z,1.0,0.6183667452830188,23.0,8.0,0.062115793880093965,0.8264381389447857
1130,01_09_A0109139200006300036z,1.0,0.56281328320802,20.0,14.0,0.07280996492019358,0.8007022839763387
1131,01_09_A0109139200007000033A,1.0,0.5249884044526902,26.0,12.0,0.04899718646582308,0.706677494624782
1132,01_09_A0109139200007300032A,0.8333333333333334,0.07553259029345373,21.0,7.0,1.00201423376304,0.6692622899219509
1133,01_09_A0109139200007300032B,0.6666666666666666,0.2386576552462527,18.0,14.0,1.0007201685143314,0.5763976893865325
1134,01_09_a0109139200007500033B,0.8333333333333334,0.2479775574112735,23.0,11.0,1.0011610001536135,0.6609594730579549
1135,01_09_a0109139200007500044z,0.6666666666666666,0.30740777600849256,33.0,18.0,0.04637786443264533,0.7055923098728345
1136,01_09_A0109139200007600033A,1.0,0.4019081352833638,28.0,12.0,0.050097145278701766,0.6788404047742608
1137,01_09_A0109139200007600033B,0.6666666666666666,0.467103337236534,22.0,16.0,1.0020938238888824,0.7247943185188979
1138,01_09_A0109139200008100021z,0.5,0.7344410211267606,32.0,15.0,1.7343217807035267,0.9199960048107684
1139,01_09_A0109139200008100025A,0.5,0.7310779816513762,29.0,15.0,1.7332109150770767,0.9511311531825956
1140,01_09_A0109139200008200033z,0.8333333333333334,0.6100870253164556,25.0,7.0,1.0014111190045345,0.7377129235370194
1141,01_09_A0109139200008500031A,0.8333333333333334,0.5475022810218978,24.0,9.0,1.0028653082916514,0.7093630835115724
1142,01_09_A0109139200008600023z,0.8333333333333334,0.4941448801742919,25.0,13.0,1.0018989376033731,0.789836182348777
1143,01_09_A0109139200008700031A,0.8333333333333334,0.2087956919060052,23.0,7.0,1.0027893978414866,0.7020522994803512
1144,01_09_A0109139200010100032z,0.8333333333333334,0.09282368568232656,24.0,13.0,0.06880050920672331,0.6680217959669225
1145,01_09_a0109139200012300050z,0.5,0.4178980943152455,30.0,19.0,1.417772215487601,0.922495582811412
1146,01_09_a0109139200013100033C,0.8333333333333334,0.1863322368421053,30.0,21.0,0.091821870066813,0.7344812550655585
1147,01_09_a0109139200013200033A,1.0,0.2299128320683112,24.0,15.0,0.09707858609842866,0.6882764522008276
1148,01_09_a0109139200013200033C,0.8333333333333334,0.17459527600849256,30.0,21.0,0.0916788832377793,0.7360667161665546
1149,01_09_A0109139203000100025z,0.6666666666666666,0.5887027491408935,21.0,11.0,1.4237826819348465,0.9610102306820899
1150,01_09_A0109139203000100043z,0.8333333333333334,0.4373634708737864,28.0,15.0,0.03017054264474449,0.5330170201037407
1151,01_09_A0109139220000100028z,0.8333333333333334,0.5314298273657289,20.0,7.0,1.002353751458067,0.7224081373770397
1152,01_09_a0109139220000300022z,0.5,0.1673580955334988,27.0,16.0,1.4171733145547865,0.7943849442369795
1153,01_09_A0109139220000400037z,0.8333333333333334,0.4985021786492375,25.0,9.0,1.0009186224328754,0.7478620798583137
1154,01_09_A0109139220000400042z,0.8333333333333334,0.5200377747252747,29.0,19.0,0.08027379948823536,0.7545248669008668
1155,01_09_A0109139220000500015z,0.3333333333333333,0.9172047970479704,33.0,21.0,2.0025148366611845,1.0449861174792443
1156,01_09_A0109139220000500017z,0.3333333333333333,1.084842995169082,33.0,21.0,2.006219440791902,1.1345533583914384
1157,01_09_A0109139220000500018z,0.3333333333333333,0.9548182034220531,33.0,21.0,2.0023740970215638,1.0406514054042924
1158,01_09_A0109139220000500028z,0.6666666666666666,0.29715189873417724,25.0,9.0,1.0039436457686823,0.7574867150486065
1159,01_09_A0109139220000500031z,0.6666666666666666,0.2110865122615804,25.0,7.0,1.003730291010489,0.7326790077768266
1160,01_09_A0109139220000800025z,0.3333333333333333,0.5640206812652068,36.0,18.0,1.7328987227501926,0.7908849047683116
1161,01_09_A0109139220000800032z,0.8333333333333334,0.6489270561357703,22.0,11.0,1.0019594613667933,0.7977040931393683
1162,01_09_A0109139220000800042z,0.6666666666666666,0.5772300119331742,30.0,13.0,1.0021543629898393,0.7164240411974812
1163,01_09_A0109139220000900025z,0.5,0.6413567493112947,29.0,18.0,1.418644317426596,0.927273549124933
1164,01_09_A0109139220000900033z,0.8333333333333334,0.5165607985480944,22.0,11.0,1.0012787330482773,0.7008603191781706
1165,01_09_A0109139220000900043z,0.8333333333333334,0.37690071556350624,23.0,11.0,0.0436089283670283,0.6447778451417969
1166,01_09_A0109139220000900044z,0.6666666666666666,0.5014431616341031,28.0,14.0,0.050957656068237496,0.6543069353389935
1167,01_09_A0109139220001000026z,0.6666666666666666,0.6795749279538905,29.0,14.0,1.4166812991664357,0.8313400676898863
1168,01_09_A0109139220001000033z,1.0,0.4936584147424512,22.0,12.0,0.03897106739904884,0.6950463971742386
1169,01_09_a0109139220001200032z,0.8333333333333334,0.52375078320802,20.0,7.0,1.002241774252306,0.7316109127479554
1170,01_09_A0109139220001300018z,0.3333333333333333,0.5453167115902965,33.0,23.0,1.7378189555047692,0.7181964533795621
1171,01_09_A0109139220001300040z,0.5,0.2421875,34.0,14.0,1.0043279268237115,0.6245115299214017
1172,01_09_A0109139220001500037z,0.6666666666666666,0.4549506578947369,29.0,16.0,1.0018286043313005,0.7133409492373712
1173,01_09_A0109139220001500042z,0.5,0.20803388090349076,34.0,21.0,1.0005041807697428,0.6714994063055386
1174,01_09_A0109139220001700019z,0.3333333333333333,0.6031159942363112,32.0,23.0,1.738749204803815,0.8919566490785906
1175,01_09_A0109139220001700027z,0.6666666666666666,0.294691265060241,23.0,15.0,1.4159593170649811,0.7733988762525771
1176,01_09_A0109139220001700031z,0.8333333333333334,0.4445333557951483,21.0,14.0,1.00462492173241,0.7167271594604251
1177,01_09_A0109139220002500032z,1.0,0.5766348773841962,22.0,15.0,0.0659081707173753,0.8531091136064359
1178,01_09_A0109139220002800027z,0.5,0.7180970149253731,27.0,15.0,1.733884350420732,0.9429885928246132
1179,01_09_A0109139220002800038z,0.8333333333333334,0.6462236035422343,24.0,7.0,1.0022656806051788,0.75648810789657
1180,01_09_A0109139220003000027z,0.6666666666666666,0.4706554878048781,21.0,13.0,1.4157337715347311,0.7526775647879638
1181,01_09_A0109139220003000031z,0.8333333333333334,0.5129911731207291,24.0,7.0,1.00135220829779,0.7227573385515017
1182,01_09_A0109139220003100026z,0.3333333333333333,0.676567055393586,27.0,18.0,1.7341459796879684,0.8298407599239839
1183,01_09_A0109139220003100027z,0.5,0.6852876106194691,28.0,16.0,1.7338062940118095,0.8507539946492791
1184,01_09_A0109139220003100039z,0.8333333333333334,0.4375,21.0,15.0,1.0031252957389478,0.6243761070226391
1185,01_09_A0109139220003200024z,0.3333333333333333,0.6418042452830188,32.0,20.0,1.7327957685089808,0.8294005313473666
1186,01_09_A0109139220003200036z,0.6666666666666666,0.5661471130221131,32.0,17.0,1.0005651798434012,0.8070209543843505
1187,01_09_A0109139220003500018z,0.3333333333333333,1.1429869186046508,33.0,21.0,2.002868799085824,1.1509085840371764
1188,01_09_A0109139220003600019z,0.16666666666666666,0.6614652044854882,45.0,26.0,1.7342996243128248,0.9318836276595588
1189,01_09_A0109139220003600028z,0.6666666666666666,0.3007105943152455,24.0,9.0,1.0041867916714322,0.7620189134610944
1190,01_09_A0109139220003600031z,0.6666666666666666,0.5689801356589147,26.0,12.0,1.0027142716537882,0.7851356125244875
1191,01_09_A0109139220003800037z,0.8333333333333334,0.5948761261261262,25.0,11.0,1.0014951260146332,0.7752009426908079
1192,01_09_A0109139220004200030z,0.6666666666666666,0.5190972222222222,24.0,15.0,1.4154604216234323,0.7773144973384792
1193,01_09_A0109139220004300036z,1.0,0.6201906337047354,24.0,8.0,0.06397737705395917,0.7838358092060643
1194,01_09_A0109139220004400018z,0.5,0.9396645021645024,34.0,17.0,1.7390042630422986,1.033028534304655
1195,01_09_A0109139220004500018z,0.5,0.6998906705539358,34.0,17.0,1.7355039869537454,0.8929819155819306
1196,01_09_A0109139220004700024z,0.5,0.6768162393162394,29.0,15.0,1.7334472481030725,0.9229417658681878
1197,01_09_A0109139220004700032z,0.8333333333333334,0.18502768987341767,28.0,10.0,1.0025221187449809,0.7739652735058794
1198,01_09_a0109139220004900032B,1.0,0.4711382772020725,16.0,12.0,0.06615292214245802,0.717662246846808
1199,01_09_A0109139220004900042z,0.6666666666666666,0.4173132183908046,27.0,11.0,1.000600412354615,0.6735972389181258
1200,01_09_A0109139220005000030z,0.8333333333333334,0.4794488232682061,22.0,11.0,1.0007613322389048,0.6741909456618658
1201,01_09_A0109139220005600025z,0.6666666666666666,0.6795749279538905,28.0,16.0,1.4174188988867005,0.881266404789272
1202,01_09_A0109139220005600033z,0.8333333333333334,0.6649352861035422,20.0,7.0,1.001766235324253,0.7747960867279859
1203,01_09_A0109139220005700023z,0.8333333333333334,0.6823979591836735,25.0,11.0,1.006631053154188,0.7660910609342455
1204,01_09_A0109139220005700049z,0.8333333333333334,0.3400376773049646,22.0,16.0,0.11457528830920675,0.7263417965024666
1205,01_09_A0109139220006300033B,0.8333333333333334,0.18233580508474576,17.0,9.0,1.0010571162294326,0.6391507067687456
1206,01_09_a0109139220006700031z,0.8333333333333334,0.2903990580448065,28.0,9.0,0.06747798622296995,0.6696169940199309
1207,01_09_a0109139220007100035D,0.6666666666666666,0.31222587719298245,24.0,16.0,1.4148840052570042,0.8323967231218081
1208,01_09_A0109139230000100018z,0.3333333333333333,0.9250172970479704,31.0,17.0,1.7441060107550614,1.0936864768344732
1209,01_09_A0109139230000200021z,0.16666666666666666,0.6274736147757256,40.0,26.0,1.737411893608516,0.8613505630049111
1210,01_09_A0109139230000200026z,0.6666666666666666,0.6459507042253522,25.0,16.0,1.005077013174091,0.8352789773940156
1211,01_09_A0109139230000200042z,0.5,0.34905993326488705,42.0,21.0,0.09447861734178148,0.554706096653241
1212,01_09_A0109139230000300021z,0.5,0.7232142857142857,30.0,12.0,1.7356835830364086,0.946869564903
1213,01_09_A0109139230000600017z,0.5,0.4810267857142857,29.0,17.0,1.7375707487123029,0.8837692484911499
1214,01_09_A0109139230000600019z,0.5,0.4909347667638484,23.0,13.0,1.7381057959534816,0.8902335742389189
1215,01_09_a0109139230000600024z,0.6666666666666666,0.5217581775700935,26.0,11.0,1.415228596678249,0.7010028829769119
1216,01_09_A0109139230000600027z,0.6666666666666666,0.295228337236534,27.0,13.0,1.0070950908961247,0.7092263876582791
1217,01_09_A0109139230000700010z,0.3333333333333333,0.8187709030100334,40.0,22.0,2.00235934505596,0.9666199588419596
1218,01_09_A0109139230000700014z,0.5,0.4190776854219949,30.0,19.0,1.7364383010656903,0.8793841443987246
1219,01_09_A0109139230000700017z,0.5,0.5815,30.0,17.0,1.7360772780689773,0.8555825561079945
1220,01_09_A0109139230000800024z,0.5,0.6578856749311295,28.0,16.0,1.4159341271826358,0.8770300012777063
1221,01_09_A0109139230000900021z,0.16666666666666666,0.7249617737003058,38.0,27.0,1.7419698432564783,0.8791988128122777
1222,01_09_a0109139230001000022z,0.5,0.7352566614420063,27.0,18.0,1.4203284653818211,0.9350339033605208
1223,01_09_a0109139230001000026z,0.5,0.6010883905013192,30.0,15.0,1.4189017477001893,0.8937498881908653
1224,01_09_a0109139230001400014z,0.3333333333333333,0.9476214574898784,38.0,22.0,2.0020113908021258,1.0138178507717408
1225,01_09_a0109139230001400023z,0.6666666666666666,0.4741625816993464,26.0,12.0,1.4146628946084931,0.7428128358154866
1226,01_09_a0109139230001400044z,0.6666666666666666,0.3650552293064877,24.0,16.0,1.002324450882371,0.6529742166509568
1227,01_09_A0109139230001600040z,0.6666666666666666,0.3596650232018561,27.0,12.0,1.0019962165182539,0.6721875537088777
1228,01_09_A0109139230001600048z,0.5,0.5271352958236659,36.0,17.0,1.0022833161399094,0.7072087439491838
1229,01_09_A0109139230001700032z,0.8333333333333334,0.5814205955334988,23.0,9.0,1.0015289967511525,0.7559358907810036
1230,01_09_A0109139230001900040z,0.6666666666666666,0.4497199592668025,25.0,17.0,1.0011501983654438,0.6931671909967778
1231,01_09_A0109139230001900049z,0.8333333333333334,0.5084534368070953,29.0,13.0,0.08335211893713118,0.733867517312894
1232,01_09_a0109139230002200038z,0.8333333333333334,0.3206059928443649,25.0,11.0,1.000803004692408,0.6397309848441283
1233,01_09_A0109139230002400032z,0.6666666666666666,0.2939560439560439,29.0,13.0,1.0013031436871238,0.7243360122486476
1234,01_09_A0109139240000100022z,0.3333333333333333,0.6165281329923273,26.0,15.0,2.002180536719329,0.7822278249427626
1235,01_09_a0109139240000400032A,0.6666666666666666,0.6064375,26.0,13.0,1.0012820164515317,0.8361777706999868
1236,01_09_a0109139240000500033z,0.8333333333333334,0.4424440298507463,19.0,12.0,0.13394618010988116,0.7362671538636121
1237,01_09_a0109139240000500043z,0.6666666666666666,0.3988445641282565,26.0,19.0,0.034846484337416266,0.6304477322639416
1238,01_09_A0109139240000800025z,0.6666666666666666,0.6758135330578512,26.0,14.0,1.4171830813812587,0.8734227220526097
1239,01_09_A0109139240001100026z,0.6666666666666666,0.6440862341772152,23.0,12.0,1.4156018147580132,0.7751128944941513
1240,01_09_A0109139240001200017z,0.5,0.8005363036303629,34.0,17.0,1.7408428115882173,0.9753177630919416
1241,01_09_A0109139240001200021z,0.5,0.6132105943152455,31.0,17.0,1.7349351616988078,0.8074179729760245
1242,01_09_A0109139240001200025z,0.5,0.6080426356589147,31.0,17.0,1.7350425573405432,0.8088676399256683
1243,01_09_A0109139240001600021z,0.5,0.9406601123595506,27.0,18.0,1.4202709011943104,1.0434092991217718
1244,01_09_A0109139240002300025z,0.6666666666666666,0.7310779816513762,24.0,14.0,1.417723026631332,0.9145479535875612
1245,01_09_a0109139240002400015z,0.5,0.8071369636963697,26.0,19.0,1.739120844386925,0.9481124895467918
1246,01_09_a0109139240002400021z,0.5,0.6132105943152455,31.0,17.0,1.7350811490136948,0.8106393237426596
1247,01_09_a0109139240002500015z,0.3333333333333333,0.9243913857677902,29.0,21.0,2.0093767681806387,1.1712104549458031
1248,01_09_a0109139240002500021z,0.5,0.5676204819277109,26.0,16.0,1.420489081076442,0.9623198311395132
1249,01_09_a0109139240003400033A,0.8333333333333334,0.6093131596306068,24.0,7.0,1.002565474007676,0.7501074393196959
1250,01_09_a0109139240003400050z,0.6666666666666666,0.34929800724637683,40.0,17.0,0.1428336074463644,0.6851233111063489
1251,01_09_a0109139240004000029B,0.3333333333333333,0.7310779816513762,34.0,20.0,2.00175166894108,0.9459283323619472
1252,01_09_A0109139240006300031A,0.6666666666666666,0.2697251773049646,20.0,9.0,1.0067965065506594,0.7265341216576154
1253,01_10_A0110132010000100031z,1.0,0.399908592321755,26.0,12.0,0.03656600833661622,0.7155112368951951
1254,01_10_A0110132010000300032z,0.8333333333333334,0.5687104430379747,27.0,11.0,0.09501776342313736,0.7826212254905899
1255,01_10_A0110132010000400032z,0.8333333333333334,0.3671176207513417,22.0,13.0,1.0009860251351943,0.743520825684829
1256,01_10_A0110132010000500030z,0.6666666666666666,0.5843354430379747,30.0,13.0,1.4153199234712923,0.7624612557381967
1257,01_10_A0110132010001600023A,0.8333333333333334,0.663670786908078,23.0,9.0,1.0055533845561209,0.8557438168781697
1258,01_10_A0110132010001600031z,0.8333333333333334,0.6430986147757256,23.0,9.0,1.002066821773603,0.7921558008846211
1259,01_10_A0110132010001700032A,0.6666666666666666,0.21511824324324325,22.0,14.0,1.001948087946496,0.6686907857072771
1260,01_10_A0110132010001700032D,0.6666666666666666,0.2990279227557411,25.0,12.0,1.0019986951515618,0.7057192538113738
1261,01_10_a0110132010002000033z,0.6666666666666666,0.30959638090349073,22.0,14.0,1.0009017324348042,0.6420055310278203
1262,01_10_A0110132010002100032z,1.0,0.27891603309481217,20.0,8.0,0.04845226807696534,0.7009964288505168
1263,01_10_A0110132020000100018z,0.16666666666666666,0.6413567493112947,45.0,23.0,1.737097885299042,0.9234760567361379
1264,01_10_A0110132020000100021z,0.16666666666666666,0.6711182336182336,40.0,26.0,1.737807630669792,0.8883198682891325
1265,01_10_A0110132020000100022z,0.16666666666666666,0.6741197183098592,39.0,26.0,1.7381618142661863,0.9001651957541771
1266,01_10_A0110132020000100026z,0.16666666666666666,0.6741197183098592,37.0,27.0,1.737075826964918,0.8733089530629096
1267,01_10_A0110132020000100029z,0.16666666666666666,0.6738112391930836,37.0,27.0,1.737875839845772,0.8920743554630531
1268,01_10_A0110132020000100035z,0.5,0.6741197183098592,27.0,18.0,1.4166260971118518,0.8944924800222052
1269,01_10_A0110132020000100040z,0.5,0.3888295807453416,25.0,14.0,1.4146857684221041,0.6412248531028533
1270,01_10_A0110132020000100045z,0.6666666666666666,0.341016433747412,32.0,16.0,0.1214079667615163,0.6680623816591331
1271,01_10_A0110132020000200031z,0.8333333333333334,0.3418461134453781,23.0,15.0,1.0026191706308445,0.6382042264743065
1272,01_10_A0110132020000200051z,0.3333333333333333,0.2930843195266272,55.0,29.0,0.10737934474778862,0.6546635042826353
1273,01_10_A0110132020000300025z,0.3333333333333333,0.5640206812652068,40.0,24.0,1.7360009209046154,0.7737329008493774
1274,01_10_A0110132020000300032z,0.8333333333333334,0.5625555062166963,23.0,13.0,1.00063277301975,0.7421156395114977
1275,01_10_A0110132020000300036z,0.8333333333333334,0.5654707495429616,23.0,14.0,1.0009493924998063,0.7100818012489577
1276,01_10_A0110132020000300037z,0.8333333333333334,0.5609119782214156,23.0,14.0,1.0010199474743542,0.7092976982287987
1277,01_10_A0110132020000800035z,0.8333333333333334,0.4082209780621573,23.0,14.0,1.0008015348963557,0.7262797714427903
1278,01_10_A0110132020002500032A,0.8333333333333334,0.4553036190053286,26.0,11.0,1.0031812877194324,0.7121794068047187
1279,01_10_A0110132023000200024z,0.3333333333333333,0.7029867256637168,40.0,24.0,1.7371200249373189,0.8548558910533307
1280,01_10_A0110132030000100016z,0.3333333333333333,0.9962044534412956,38.0,24.0,1.7384662349483264,1.18975306865931
1281,01_10_A0110132030000100019z,0.3333333333333333,0.4570694716242661,38.0,24.0,1.7407727784839089,0.7706729820331627
1282,01_10_A0110132030000100024z,0.3333333333333333,0.7121268656716417,40.0,24.0,1.7376954192244234,0.8694912498038447
1283,01_10_A0110132030000100029z,0.5,0.4517234680284192,32.0,16.0,1.732441164215464,0.6715224309895104
1284,01_10_A0110132030000200014z,0.3333333333333333,1.1108668341708543,37.0,21.0,1.7398054018667617,1.2682704440103003
1285,01_10_A0110132030000200021z,0.5,0.5034722222222222,28.0,16.0,1.7347674478583217,0.8441671276543821
1286,01_10_A0110132030000200031z,0.8333333333333334,0.28446444543828264,25.0,11.0,1.0012156749517087,0.6404936021211041
1287,01_10_a0110132030000300020z,0.16666666666666666,0.6274736147757256,38.0,27.0,1.7375690553331016,0.8709791941135746
1288,01_10_A0110132030000800026z,0.6666666666666666,0.3815310846560847,24.0,14.0,1.4151875367825344,0.6881988715506479
1289,01_10_A0110132030000800027z,0.6666666666666666,0.3932735306643952,24.0,14.0,1.415278313420421,0.6864916980426247
1290,01_10_A0110132030001100031z,1.0,0.3525323275862069,28.0,11.0,0.03148478318711157,0.7636489684461292
1291,01_10_A0110132030001500011z,0.3333333333333333,1.4317857142857142,42.0,22.0,2.0027625639416766,1.4476735795710716
1292,01_10_a0110132030001500014z,0.16666666666666666,1.2682692307692307,45.0,28.0,2.001706329490427,1.328924774662751
1293,01_10_A0110132030001900019z,0.3333333333333333,0.9169007490636704,31.0,18.0,1.7408476351591464,1.0930071550674445
1294,01_10_A0110132030002500035z,0.6666666666666666,0.4652610551663748,38.0,17.0,1.0006396234604709,0.6849834450674934
1295,01_10_A0110132030002800023z,0.6666666666666666,0.7121268656716417,32.0,17.0,1.0038161821265204,0.8975139459029068
1296,01_10_A0110132030002800041z,0.8333333333333334,0.32337908878504673,24.0,14.0,0.11509516331264567,0.6638614365482862
1297,01_10_A0110132040000100032z,0.6666666666666666,0.4682264109347442,23.0,16.0,1.0031663821015313,0.6866479213066923
1298,01_10_A0110132040000200024z,0.5,0.6369609164420486,32.0,15.0,1.7329695842634336,0.8474288477637935
1299,01_10_A0110132040000200025z,0.3333333333333333,0.7225986356932154,32.0,14.0,2.0007474027705707,0.9052068265940794
1300,01_10_A0110132040000200050z,0.8333333333333334,0.3084799757281553,23.0,11.0,0.03953608036379195,0.6591241838729307
1301,01_10_a0110132040000300018z,0.16666666666666666,0.6897447183098592,37.0,26.0,1.7363978689661796,0.9037230063988848
1302,01_10_A0110132040000300021z,0.3333333333333333,0.694920786908078,31.0,18.0,1.7332707392066924,0.8428646655231969
1303,01_10_a0110132040000300022A,0.5,0.7225986356932154,28.0,15.0,1.7328943091953128,0.8884036330157593
1304,01_10_a0110132040000300026z,0.6666666666666666,0.5101073164146869,22.0,14.0,1.4155950044626648,0.7802468896131429
1305,01_10_a0110132040000300030z,0.5,0.5568317422434368,27.0,18.0,1.4147376132652667,0.8187538803589287
1306,01_10_A0110132040000300031z,0.5,0.5663782816229117,27.0,18.0,1.4147036418903134,0.8234099358114334
1307,01_10_A0110132040000400025z,0.8333333333333334,0.4268983126110124,27.0,13.0,1.0030522810398876,0.7379547805136657
1308,01_10_A0110132040000400033z,1.0,0.41854128014842296,24.0,10.0,0.0490945670197414,0.6914579299829909
1309,01_10_A0110132040001000027z,0.6666666666666666,0.4697003577817531,28.0,16.0,1.0008586279703642,0.6609628186517731
1310,01_10_A0110132040001100026a,0.6666666666666666,0.5294449955908289,24.0,15.0,1.4155315223033544,0.8023847671741059
1311,01_10_A0110132040001100028a,0.6666666666666666,0.5219972826086956,26.0,14.0,1.4158309109626486,0.8355973312468243
1312,01_10_a0110132040001300019z,0.16666666666666666,0.6358926240208878,45.0,26.0,1.7347183751006652,0.9169918070388776
1313,01_10_A0110132040001600015z,0.5,1.0744015957446809,32.0,18.0,1.7434950466722343,1.17670941216336
1314,01_10_A0110132040001600021z,0.3333333333333333,0.6868328168044077,31.0,18.0,1.7332492896121012,0.8338588420232961
1315,01_10_A0110132040001700017z,0.3333333333333333,1.0781926406926408,37.0,18.0,1.742723642606644,1.1590438661230476
1316,01_10_A0110132040002000032z,1.0,0.5664134438305709,24.0,10.0,0.04699841312811486,0.7553559262572905
1317,01_10_A0110132040002700019z,0.16666666666666666,0.9019194756554308,40.0,26.0,1.7346955976726206,1.1259027198853764
1318,01_10_A0110132040002800054z,0.5,0.5115765524625268,29.0,17.0,1.0014616035287076,0.6939688962522894
1319,01_10_A0110132040002800063z,0.5,0.3868205160320641,38.0,22.0,1.0059646656416537,0.683477636491337
1320,01_10_a0110132040003100035z,0.8333333333333334,0.2265625,31.0,12.0,0.06390680612185905,0.6106961342433596
1321,01_10_a0110132040003100038z,0.8333333333333334,0.34600843147751603,27.0,9.0,0.05745907158790209,0.6508625032689341
1322,01_10_A0110132040003700045z,0.5,0.4522790605095541,36.0,19.0,0.034000750179816686,0.6617822930499679
1323,01_10_A0110132040004600033z,0.6666666666666666,0.15229106454720615,26.0,13.0,1.0003148985882857,0.63525376690987
1324,01_10_A0110132040004900024z,0.8333333333333334,0.6117286751361162,26.0,13.0,1.0018276692609616,0.7335256640351921
1325,01_10_A0110132040004900032z,1.0,0.4250226860254083,22.0,8.0,0.035860470322730334,0.6773837367128209
1326,01_10_A0110132040005600024z,0.6666666666666666,0.571624677002584,24.0,10.0,1.4154004678818144,0.7778909130869587
1327,01_10_A0110132040005600034A,0.6666666666666666,0.4679040605095541,29.0,13.0,1.0007794176570932,0.7340733640673391
1328,01_10_a0110132040005900019z,0.3333333333333333,0.4638653483992467,27.0,20.0,2.001067910428371,0.7421644224782393
1329,01_10_a0110132040006100031z,1.0,0.21875,20.0,10.0,0.09484846543939572,0.6877252086077652
1330,01_11_a0111130030000100019z,0.6666666666666666,0.7654742765273312,20.0,14.0,1.421708677118087,0.98526073800348
1331,01_11_a0111130030000100029z,0.5,0.6295,29.0,16.0,1.4176354444500383,0.860604880923579
1332,01_11_a0111130030000200015z,0.3333333333333333,1.0300925925925926,35.0,21.0,2.0075763239947744,1.2211148471873985
1333,01_11_a0111130030000200018z,0.5,0.4991071428571429,32.0,17.0,1.7388064602972475,1.0008489399579499
1334,01_11_a0111130030000200025z,0.5,0.7635188087774295,27.0,25.0,1.4178573510182055,0.9666642370121644
1335,01_11_a0111130030000200031z,0.6666666666666666,0.464538409703504,32.0,18.0,1.0037976101621109,0.7880858836527418
1336,01_11_a0111130030000800031z,0.3333333333333333,0.5917128164556962,35.0,20.0,1.416722738700375,0.9571200269555836
1337,01_11_a0111130030001300027z,0.5,0.6132105943152455,29.0,16.0,1.4162021110220553,0.8597418579356745
1338,01_11_a0111130080000800035A,1.0,0.6559235724233984,22.0,10.0,0.08589171027937137,0.800801546712301
1339,01_11_a0111130080000800035B,1.0,0.6489270561357703,22.0,10.0,0.07696151987732616,0.8020801371836659
1340,01_11_a0111130090001600020z,0.6666666666666666,0.5500028564899452,24.0,16.0,1.4186419980621794,0.8425767650514088
1341,01_11_a0111130090001600032z,1.0,0.21539909638554225,19.0,6.0,0.07405160763388048,0.6813687630499765
1342,01_11_a0111130090001600042z,0.5,0.40625,33.0,20.0,1.0003910979258677,0.6801205641213623
1343,01_12_A0112156010000100027z,0.3333333333333333,0.6882122507122507,25.0,19.0,1.7349001284078691,0.8088529266906849
1344,01_12_A0112156010000300024z,0.5,0.3475483425414365,29.0,19.0,1.4154048710705676,0.7588732174366801
1345,01_12_A0112156010002300032z,0.6666666666666666,0.2342007933104631,35.0,17.0,1.0005907459883483,0.6610150542607771
1346,01_12_a0112156010002400024z,0.5,0.7188455657492355,29.0,15.0,1.7329535458813103,0.9301331486140916
1347,01_12_a0112156010002500022z,0.8333333333333334,0.8720873257839721,20.0,13.0,1.0075892461978373,0.973854642369376
1348,01_12_a0112156010002800023z,0.6666666666666666,0.6496167452830188,23.0,12.0,1.4175980896082474,0.8566594630297378
1349,01_12_a0112156010002800031z,0.8333333333333334,0.5811621779859485,23.0,11.0,1.001965793104019,0.7911823822428455
1350,01_12_a0112156010003200032z,0.8333333333333334,0.2953951949860725,29.0,11.0,0.0722862326922546,0.8897089465607674
1351,01_12_a0112156010003200051z,0.5,0.6523760330578512,51.0,25.0,1.001205085523413,0.8774671759608574
1352,01_12_A0112156020000100026z,0.5,0.7163133038585209,27.0,15.0,1.7340850531477503,0.9573039409183632
1353,01_12_A0112156020000100033z,0.6666666666666666,0.29754327902240324,33.0,14.0,1.0048176987717243,0.5845788804158454
1354,01_12_A0112156020000100050z,0.6666666666666666,0.33027017625231914,22.0,11.0,1.0006936086358236,0.6843979103378721
1355,01_12_a0112156020000400025z,0.3333333333333333,0.7001865671641792,32.0,26.0,1.7367793472404047,0.9253375746265776
1356,01_12_a0112156020000400032z,0.8333333333333334,0.4522003644939966,27.0,15.0,0.047349701691944884,0.7574770669781409
1357,01_12_A0112156020000600034z,0.8333333333333334,0.221551724137931,33.0,7.0,0.05894401595325445,0.66989186219498
1358,01_12_a0112156020000900021z,0.5,0.6775748239436621,33.0,15.0,1.7346259281729548,0.9496500477454536
1359,01_12_A0112156020000900024z,0.5,0.6684859154929578,33.0,15.0,1.734868436502518,0.932597736794654
1360,01_12_A0112156020000900025z,0.6666666666666666,0.8642748257839721,28.0,15.0,1.417418028000407,1.0217901210000215
1361,01_12_A0112156020001200034z,0.8333333333333334,0.5298354805013927,27.0,15.0,0.1776222243275936,0.7530214889510136
1362,01_12_A0112156020001300048z,0.8333333333333334,0.4537355961923848,33.0,16.0,0.10722807963452984,0.6511714998539789
1363,01_12_A0112156020001700031A,0.8333333333333334,0.25,32.0,18.0,0.07571064666301319,0.6679711104217028
1364,01_12_A0112156020001800024z,0.8333333333333334,0.42134510869565217,21.0,11.0,1.0021796650381467,0.7652606780470181
1365,01_12_A0112156020001800031z,0.8333333333333334,0.4815779320987654,22.0,11.0,1.0013943180414606,0.6711897838905339
1366,01_12_a0112156030000200032a,0.8333333333333334,0.5516255403458213,26.0,9.0,1.0036350565671028,0.7705491398087441
1367,01_12_a0112156030000200042z,0.6666666666666666,0.2652822212065813,37.0,17.0,0.07440895527789032,0.6129143200962425
1368,01_12_a0112156030001000035z,0.8333333333333334,0.6132105943152455,21.0,15.0,1.0032052910640743,0.8794469414938352
1369,01_12_a0112156030001600034B,0.8333333333333334,0.3976521164021164,19.0,11.0,1.0005347849450412,0.6675914493535717
1370,01_12_a0112156030002500034B,0.8333333333333334,0.3217695381882771,17.0,14.0,1.0011238049499644,0.7206616824344949
1371,01_12_A0112156030002700024z,0.8333333333333334,0.6981392450142451,27.0,11.0,1.003599856149507,0.8221037275102412
1372,01_12_A0112156030002700031B,1.0,0.5491045533642691,23.0,10.0,0.0671377026675443,0.7124139091366922
1373,01_12_a0112156030003200032z,0.8333333333333334,0.2931124124343257,24.0,11.0,1.0009054301335083,0.6292415440453594
1374,01_12_a0112156030003200042z,0.6666666666666666,0.4730587121212121,36.0,23.0,0.12521492112444066,0.6454828158972955
1375,01_12_A0112156030003300022z,0.5,0.34491040587219346,27.0,16.0,1.4144144923237971,0.7744043341962821
1376,01_12_A0112156030003300032A,0.5,0.31710986024844723,24.0,15.0,1.0061754258927418,0.6275659080705237
1377,01_12_A0112156030003300032B,0.5,0.4724013157894736,32.0,15.0,1.0058194452292994,0.7020744294326291
1378,01_12_A0112156030003300032C,0.8333333333333334,0.5118469343696028,19.0,11.0,1.0009905287072651,0.7106860779340662
1379,01_12_A0112156030003300045z,0.3333333333333333,0.4483552631578948,55.0,31.0,1.0114696447561455,0.7962674879142783
1380,01_12_A0112156030004600032z,0.8333333333333334,0.2932588514680484,19.0,11.0,1.0008166912318404,0.7436996194235119
1381,01_12_a0112156030006300047B,0.6666666666666666,0.2734375,31.0,18.0,1.0013910269275388,0.5807422727665003
1382,01_12_A0112156030006700032z,0.8333333333333334,0.2265625,22.0,12.0,1.0034454007068787,0.6497035389003608
1383,01_12_a0112156030007000033A,0.8333333333333334,0.4023760330578512,28.0,14.0,0.07459851544181928,0.7928206045013187
1384,01_12_a0112156030007000033B,0.8333333333333334,0.3124268149882904,29.0,15.0,0.05825040492427633,0.7254917136429123
1385,01_12_a0112156030007000033C,0.8333333333333334,0.2881319789081885,29.0,16.0,0.07571349548973792,0.7830081358830108
1386,01_12_a0112156030007000045B,0.6666666666666666,0.3791571100917431,30.0,18.0,0.14733662034380215,0.8690668374755123
1387,01_12_a0112156030007100023A,0.6666666666666666,0.3067277070063694,28.0,16.0,1.0036932648970809,0.7979618584364605
1388,01_12_a0112156030007100032A,0.6666666666666666,0.3834807790224033,29.0,17.0,1.0011857860446374,0.7250397637858382
1389,01_12_a0112156030007500026z,0.3333333333333333,0.5547143010291595,31.0,19.0,1.7339998858734196,0.824307438333413
1390,01_12_a0112156030007600032B,0.8333333333333334,0.1726799242424243,20.0,13.0,0.08069164558629263,0.672772576150548
1391,01_12_a0112156030008100033B,0.8333333333333334,0.19636917960088696,24.0,13.0,1.0009832665200644,0.6546405736581936
1392,01_12_a0112156030008100043A,0.6666666666666666,0.3529249768089054,31.0,12.0,0.05372311690854821,0.7561612485248835
1393,01_12_A0112156050000100033z,1.0,0.5085757104795737,22.0,12.0,0.05333118765532607,0.6952995534183946
1394,01_12_A0112156050000200025z,0.5,0.7161377708978328,28.0,16.0,1.4211219434191371,1.0307196718237042
1395,01_12_A0112156050000200047z,0.8333333333333334,0.3267234680284192,27.0,17.0,0.053907119637149725,0.7004328242431564
1396,01_12_a0112156050001300024z,0.8333333333333334,0.5132038288288288,19.0,13.0,1.000998382938444,0.7544082859358173
1397,01_12_a0112156050001300025z,0.8333333333333334,0.17903023422562142,18.0,5.0,1.001286711196557,0.6734054165896347
1398,01_12_a0112156060000100018z,0.5,1.1351744186046508,28.0,18.0,1.735822322446352,1.2638084550483888
1399,01_12_a0112156060000200025z,0.6666666666666666,0.7422619047619048,24.0,15.0,1.4170576260447856,0.9192282103849774
1400,01_12_A0112156060000800023z,0.8333333333333334,0.3850049955595027,23.0,13.0,1.002407102574182,0.7692350537987747
1401,01_12_A0112156060000800031z,1.0,0.4871557203389831,22.0,11.0,0.08846531018917693,0.7013147665376764
1402,01_12_A0112156060000800040z,0.6666666666666666,0.4993282710280374,40.0,23.0,0.14148667020139774,0.6592750593778753
1403,01_12_A0112156060001200023z,0.6666666666666666,0.4668892294220666,27.0,14.0,1.4158373571058396,0.7823173285805319
1404,01_12_A0112156060001200024z,0.6666666666666666,0.34865888090349073,35.0,13.0,1.0011631894721804,0.5817901076008798
1405,01_12_A0112156060001200031z,0.8333333333333334,0.25749638728323704,23.0,13.0,1.0010340026267301,0.6308123686886793
1406,01_12_a0112156060001300022z,0.6666666666666666,0.7572492163009404,32.0,16.0,1.4198286928311257,0.9495548606213836
1407,01_12_a0112156060001300038z,0.5,0.4578665987780041,57.0,32.0,0.10582245170066903,0.7945240264498776
1408,01_12_A0112156060001400021B,0.6666666666666666,0.4752244475138122,30.0,17.0,1.4155940826586055,0.7136054059827701
1409,01_12_A0112156070000100028z,0.5,0.7494266055045872,25.0,12.0,1.7375851459849032,1.0566647555940512
1410,01_12_a0112156070000100031A,0.5,0.33510416666666665,34.0,18.0,1.414719829044404,0.8047418629809724
1411,01_12_a0112156070000100031B,0.5,0.6288381968641115,29.0,19.0,1.734191713216806,0.9116098374551552
1412,01_12_a0112156070000100033z,0.6666666666666666,0.3487455595026643,24.0,14.0,1.4144761288125478,0.6456915345515628
1413,01_12_a0112156070000100049z,0.6666666666666666,0.3332386363636364,29.0,12.0,0.09461700188936076,0.5968584491467323
1414,01_12_A0112156070000200028z,0.5,0.5814205955334988,32.0,19.0,1.4179302416384152,0.8963146285473027
1415,01_12_A0112156070000200032z,0.5,0.3074124536178108,28.0,16.0,1.4147219144099679,0.6822703402905458
1416,01_12_A0112156070000200043A,0.8333333333333334,0.4595397834274953,20.0,7.0,0.030945137074854488,0.665920218102008
1417,01_12_A0112156070000200043B,0.3333333333333333,0.3625029648956357,40.0,15.0,1.0027694333468404,0.6071503889983101
1418,01_12_A0112156070000200048A,0.8333333333333334,0.2628882382892057,25.0,7.0,0.03724212097127132,0.6435392293986624
1419,01_12_A0112156070000200048B,0.3333333333333333,0.3129690734989649,40.0,17.0,1.0056725092526266,0.6155006076694938
1420,01_12_a0112156070000300032z,0.5,0.6413304765886287,29.0,19.0,1.733841898802671,0.9112953790681549
1421,01_12_a0112156070000400034z,0.6666666666666666,0.3487455595026643,24.0,14.0,1.4144766841052976,0.6518517337627406
1422,01_12_a0112156070000600024z,0.6666666666666666,0.6528609154929578,26.0,12.0,1.4153062529162603,0.8639016936187714
1423,01_12_a0112156070000600033A,0.8333333333333334,0.3009909294234593,18.0,5.0,1.000354420632534,0.5977889552927873
1424,01_12_a0112156070000600033C,0.6666666666666666,0.1418281570841889,20.0,8.0,1.0011115394234062,0.6213924479961926
1425,01_12_a0112156070000900024A,0.5,0.6506661442006271,30.0,15.0,1.7345960541652097,0.8679341359566457
1426,01_12_a0112156070000900031A,0.8333333333333334,0.13128765060240966,19.0,7.0,1.0022351213431833,0.6596805438805601
1427,01_12_a0112156070001200033A,0.8333333333333334,0.21895398172323755,24.0,12.0,1.0175439511677054,0.7167195683403373
1428,01_12_a0112156070001200044A,0.5,0.4116958469055375,27.0,18.0,1.4170358572851782,1.0802888902221919
1429,01_12_a0112156070002400024A,0.8333333333333334,0.3624121779859485,38.0,18.0,0.14261827590187595,0.8166715426054916
1430,01_12_a0112156070002400033A,0.8333333333333334,0.35397658150851585,27.0,17.0,0.08158961597464251,0.7228932409521525
1431,01_12_a0112156070002400033G,0.8333333333333334,0.2717370379876797,30.0,10.0,0.08435237298410737,0.6735777438676395
1432,01_12_a0112156070002400033H,0.5,0.34123241687979544,43.0,18.0,0.07678134929914081,0.7089605319194308
1433,01_12_a0112156070002400045B,0.5,0.3009249124343257,55.0,20.0,0.0905779692915308,0.6945623689931489
1434,01_12_a0112156070002400053z,0.5,0.31818059153713296,56.0,21.0,0.1029196293990706,0.7494859908071664
1435,01_12_a0112156080000100025z,0.6666666666666666,0.23672018876611414,18.0,8.0,1.0038892775446893,0.6446845442305087
1436,01_12_A0112156090000100019z,0.3333333333333333,0.7180970149253731,29.0,17.0,1.7338864776747396,0.9549842950455087
1437,01_12_A0112156090000100024z,0.3333333333333333,0.7310779816513762,29.0,17.0,1.733611216815376,0.9589955344523574
1438,01_12_A0112156090000100031z,0.8333333333333334,0.5327380952380952,29.0,13.0,0.08264277172505764,0.7775083368751606
1439,01_12_A0112156090000100040z,0.5,0.2954025776053215,33.0,13.0,1.0006254200951863,0.7118216735110823
1440,01_12_A0112156090000100043z,0.5,0.29402335313174943,32.0,13.0,1.0005096445690154,0.7083634705697199
1441,01_12_A0112156090000300024z,0.5,0.6295,27.0,16.0,1.4189208869807537,0.9948328386815254
1442,01_12_A0112156090000300035z,0.6666666666666666,0.602874677002584,41.0,26.0,1.0013283382126013,0.8990093808343835
1443,01_12_A0112156090000300042z,0.5,0.3477461636828645,29.0,14.0,1.0015849399128485,0.6488554332571803
1444,01_12_A0112156090000300045z,0.5,0.3553240740740741,29.0,17.0,1.0010693006574325,0.6543669411454317
1445,01_12_A0112156090000400019z,0.5,1.1578791469194314,28.0,18.0,1.7361163938810111,1.2757725226323835
1446,01_12_A0112156090000400024z,0.5,0.7939356435643564,34.0,17.0,1.4204627333590374,1.1096621468023178
1447,01_12_A0112156090000400035A,0.5,0.5977067183462532,30.0,18.0,1.4153649174056129,0.8986823584570179
1448,01_12_A0112156090000400035B,0.5,0.5995253164556962,30.0,18.0,1.4152078116816131,0.8977351536797429
1449,01_12_A0112156090000400042z,0.6666666666666666,0.4447167755991286,23.0,9.0,1.0005182937726207,0.7079448653972868
1450,01_12_a0112156090000500024z,0.5,0.6998906705539358,25.0,15.0,1.4194654936522135,1.0440898742626066
1451,01_12_a0112156090000500031z,0.6666666666666666,0.19646494425385932,28.0,16.0,1.001751968262126,0.6679121302269806
1452,01_12_A0112156090000500045z,0.5,0.4085953674948241,44.0,19.0,0.10932535902917356,0.6318331132233949
1453,01_12_A0112156090000700024c,0.6666666666666666,0.22415865384615385,24.0,13.0,1.4161385051518975,0.8353914356330941
1454,01_12_A0112156090000700032z,1.0,0.4528329439252337,22.0,12.0,0.027878857816858487,0.6396990201440627
1455,01_12_A0112156090000700043z,0.5,0.4747784300184162,32.0,22.0,0.02989542547315112,0.5709800800981545
1456,01_12_A0112156090000800025z,0.6666666666666666,0.7719051446945338,28.0,12.0,1.4215930300913335,1.069304430990173
1457,01_12_A0112156090001200019z,0.5,1.1911231884057971,28.0,18.0,1.7488170486844898,1.3334281672531945
1458,01_12_A0112156090001200024z,0.5,0.7719051446945338,34.0,18.0,1.42128339891594,1.1234346955630272
1459,01_12_a0112156090001200035z,0.3333333333333333,0.6183785529715762,39.0,20.0,1.4172102675032148,0.9935909176634696
1460,01_12_a0112156090001500025z,0.5,0.7310779816513762,27.0,15.0,1.7336014961360804,0.9540539942707402
1461,01_12_a0112156090002400022z,0.3333333333333333,0.6274736147757256,29.0,19.0,2.001244969689288,0.8614284280042716
1462,01_12_a0112156090002400024z,0.3333333333333333,0.6547701949860725,31.0,17.0,1.7338083807496725,0.929077108129185
1463,01_12_a0112156090002400032z,0.8333333333333334,0.6547701949860725,20.0,7.0,1.0023898540977711,0.7769450777268674
1464,01_12_A0112156090002600029z,0.8333333333333334,0.31197641093474426,26.0,11.0,1.0014423003093862,0.6491295347031015
1465,01_12_A0112156090002800032z,0.8333333333333334,0.6257682050092764,45.0,27.0,0.04758408918459738,0.7262242829720681
1466,01_12_A0112156090002900024z,0.5,0.6222246891651866,30.0,15.0,1.7325176317712176,0.7034146900861986
1467,01_12_a0112156090003100024B,0.5,0.6797535211267606,29.0,15.0,1.733551471576728,0.9191986738728912
1468,01_12_A0112156090003100027z,0.5,0.6998906705539358,32.0,15.0,1.7330493530853033,0.8893515704002275
1469,01_12_a0112156090003700031z,0.8333333333333334,0.3831244328493648,23.0,11.0,1.0006597147238123,0.6191605404454276
1470,01_12_a0112156090003700032z,1.0,0.19837908878504676,16.0,8.0,0.04343676484494133,0.6634163325534436
1471,01_12_A0112156090003700041z,0.5,0.5063282881002088,30.0,15.0,1.0008511476106028,0.6403639009453036
1472,01_12_a0112156090004400031A,0.8333333333333334,0.31396800755939525,16.0,5.0,1.0018138418697162,0.643732847427834
1473,01_12_A0112156090004600022z,0.5,0.444284163619744,28.0,14.0,1.7323890870450738,0.7318825595730453
1474,01_12_A0112156090004600032c,1.0,0.441495811287478,22.0,9.0,0.08738848037920749,0.7273786597931174
1475,01_12_A0112156090005000024z,0.6666666666666666,0.2919210701598579,24.0,15.0,1.0013690012706653,0.7067838154720258
1476,01_12_A0112156090005000032z,0.8333333333333334,0.2490002285191956,26.0,15.0,0.1258270754730096,0.71414021520265
1477,01_12_A0112156090005100031z,0.8333333333333334,0.4512250453720508,26.0,13.0,1.0009362477524286,0.6457604279648821
1478,01_12_A0112156090005100035z,0.8333333333333334,0.3985906862745098,26.0,12.0,1.003109929983037,0.7047321290170272
1479,01_12_a0112156090005300030A,0.8333333333333334,0.5547046703296703,34.0,19.0,0.11661049833456892,0.7302238693591316
1480,01_12_a0112156090005400031z,0.8333333333333334,0.27533667127071826,19.0,11.0,1.0013505216654128,0.6170118296611832
1481,01_12_a0112156090005600022z,0.6666666666666666,0.6317223837209303,21.0,14.0,1.4157706672496813,0.8227880370788897
1482,01_12_a0112156090007500024A,0.8333333333333334,0.2683557242990654,19.0,9.0,1.0040567001965242,0.741998692832469
1483,01_12_a0112156090007500024B,0.6666666666666666,0.2836187617702448,29.0,10.0,1.0030781719419164,0.768447055344047
1484,01_12_a0112156090007500033z,0.6666666666666666,0.41710182767624016,28.0,11.0,1.0017446027484267,0.9015633756471914
1485,01_12_A0112156095000100024z,0.5,0.7285216718266254,29.0,15.0,1.7338819661524332,0.9581451164110528
1486,01_13_a0113121020000100020z,0.16666666666666666,0.6515845070422536,33.0,20.0,1.7374872797590768,0.915419228140895
1487,01_13_a0113121020000200022z,0.6666666666666666,0.7180970149253731,25.0,12.0,1.426703637949573,1.0558931898512995
1488,01_13_a0113121020000200024z,0.16666666666666666,0.6970870206489675,35.0,21.0,1.7368893814111714,0.9482474495440758
1489,01_13_a0113121020000200027z,0.8333333333333334,0.6550416666666666,20.0,10.0,1.0082030232737331,0.8167368555963744
1490,01_13_A0113121020000200032z,0.6666666666666666,0.12857360097323597,24.0,13.0,1.41605781252874,0.6576768966737289
1491,01_13_A0113121020000300025z,0.16666666666666666,0.7084421641791044,33.0,27.0,1.7370561429096694,0.9986842393625429
1492,01_13_A0113121020000300033z,0.8333333333333334,0.6670656337047354,24.0,14.0,0.06786411417092418,0.7758511888804168
1493,01_13_A0113121020000300043z,0.8333333333333334,0.4597634508348794,23.0,9.0,0.03238579268291244,0.6581499295224429
1494,01_13_A0113121020000400024z,0.8333333333333334,0.6706646126760564,27.0,7.0,1.003248996987942,0.8324158775452142
1495,01_13_A0113121020000400033z,0.6666666666666666,0.34865888090349073,26.0,11.0,1.0007785296997949,0.7065161944633508
1496,01_13_A0113121020000400043z,0.5,0.4763768898488121,37.0,20.0,1.0005031381083065,0.7348463379127519
1497,01_13_A0113121020001300024z,0.8333333333333334,0.6523760330578512,25.0,11.0,1.0043712422211062,0.8173593695920759
1498,01_13_A0113121020001300032B,0.8333333333333334,0.2795156568228106,20.0,13.0,1.002086278895183,0.6647071195602231
1499,01_13_A0113121020001900010z,0.5,0.9474601593625498,40.0,23.0,1.748373457762797,1.2864803784968692
1500,01_13_A0113121020001900015B,0.5,0.9095453199052131,39.0,23.0,1.7443907987389606,1.3737314436989596
1501,01_13_A0113121020002100025z,0.6666666666666666,0.2520892184557439,24.0,13.0,1.4152102361182504,0.6280682671423048
1502,01_13_A0113121020002100031A,1.0,0.16013349514563108,23.0,12.0,0.08275402681261415,0.6852772678029143
1503,01_13_A0113121020002100031B,1.0,0.16800727317554245,21.0,14.0,0.08806665014116044,0.681559525594838
1504,01_13_A0113121020002100042z,0.6666666666666666,0.2864700902934537,22.0,14.0,1.0046994620769512,0.6858060653248638
1505,01_13_a0113121020002200024z,0.8333333333333334,0.2990279227557411,28.0,5.0,1.0037807158640473,0.7336579008533433
1506,01_13_a0113121020002200043z,0.5,0.30904345372460496,35.0,18.0,1.0006844637366712,0.6644741078308587
1507,01_13_a0113121020004100024B,0.8333333333333334,0.5085442493112947,26.0,16.0,1.0056824996156668,0.9129218210312268
1508,01_13_a0113121020004100024z,0.8333333333333334,0.5900135869565217,29.0,15.0,1.0121892604852616,0.9997257652438002
1509,01_13_a0113121020004100034z,0.6666666666666666,0.2149593195266272,31.0,15.0,1.001174596345333,0.6532802751358787
1510,01_13_A0113121030000300025z,0.6666666666666666,0.7723432410423453,28.0,14.0,1.4180328204686719,0.8850681397094992
1511,01_13_A0113121030000300033z,0.8333333333333334,0.6726366643454039,27.0,14.0,0.06700395608098092,0.7816965088903524
1512,01_13_A0113121030000300043z,0.6666666666666666,0.481004389632107,29.0,18.0,0.12794224126622958,0.5784844173498074
1513,01_13_A0113121030000700025z,0.8333333333333334,0.6493941326530612,25.0,7.0,1.0037133135491216,0.7918164255717283
1514,01_13_A0113121030000700033z,0.8333333333333334,0.5006228644646925,21.0,13.0,1.0010959764925171,0.7473700196158201
1515,01_13_A0113121030000700042z,0.8333333333333334,0.4328439213893967,23.0,16.0,0.09365236397676137,0.7293669424424463
1516,01_13_A0113121030000800023z,0.6666666666666666,0.6584947183098592,21.0,15.0,1.4165419401764408,0.909102688148262
1517,01_13_A0113121030000800032z,0.8333333333333334,0.5967893276762402,26.0,14.0,0.0597103690253698,0.8097554463791344
1518,01_13_A0113121030000800043z,0.6666666666666666,0.4682570506692161,29.0,19.0,0.034069424456422435,0.5555063089884648
1519,01_13_A0113121030001400024A,0.8333333333333334,0.4404483695652174,22.0,11.0,1.002186614435853,0.7857893692257675
1520,01_13_A0113121030001400024B,0.6666666666666666,0.2847579382826476,24.0,8.0,1.0012291843810774,0.7505887780660447
1521,01_13_A0113121030001400024C,0.8333333333333334,0.2543087121212121,21.0,9.0,1.0016147981312442,0.6272157309662509
1522,01_13_A0113121030001400031z,1.0,0.4456893552875696,16.0,14.0,0.08193973821191552,0.7674214795506121
1523,01_13_A0113121030001400041z,0.6666666666666666,0.2850879854368932,35.0,16.0,0.1071864806245696,0.6384778423294727
1524,01_13_A0113121040000100032z,0.8333333333333334,0.3845004780114723,23.0,14.0,1.0017314272065758,0.686560351323601
1525,01_13_A0113121040000100042z,0.6666666666666666,0.3219167094455853,20.0,13.0,1.000572907602897,0.4791345344525658
1526,01_13_A0113121040000100050z,0.6666666666666666,0.30078889432485323,21.0,9.0,1.0003784640841813,0.5027995802002283
1527,01_13_A0113121040000200024z,0.16666666666666666,0.6221965699208444,32.0,21.0,1.7363737538085489,0.907139506630427
1528,01_13_A0113121040000200030z,0.5,0.6391348773841962,33.0,18.0,1.4160169583065776,0.904854009762021
1529,01_13_a0113121040000200056z,0.6666666666666666,0.443040780141844,34.0,15.0,0.03520228897843331,0.7340773990765029
1530,01_13_A0113121040000300024z,0.16666666666666666,0.6523760330578512,35.0,28.0,1.7367543681612037,0.916144080526602
1531,01_13_A0113121040000300029a,0.16666666666666666,0.6436281337047354,40.0,30.0,1.7355933841636784,0.9100434098934064
1532,01_13_A0113121040000300034z,0.3333333333333333,0.6062979539641944,45.0,29.0,1.4175975671433318,0.9077602526992958
1533,01_13_A0113121040000300042z,0.3333333333333333,0.2750417094455853,47.0,16.0,1.0041982307052968,0.7165768177308328
1534,01_13_A0113121040000300048z,0.5,0.3188400776053215,31.0,12.0,1.0059541338879032,0.676104058419975
1535,01_13_A0113121040000300054z,0.5,0.4443509615384616,62.0,28.0,0.11816848692574393,0.7305526995896097
1536,01_13_A0113121040000500024z,0.8333333333333334,0.8173731435643564,23.0,13.0,1.0049072890296311,0.8612307162463508
1537,01_13_A0113121040000500033z,0.8333333333333334,0.6570116643454039,21.0,7.0,1.002424176580625,0.8082327759259794
1538,01_13_A0113121040000500042z,0.6666666666666666,0.5611244356659142,26.0,12.0,1.0004504671340966,0.6376217386533537
1539,01_13_a0113121040001400034A,0.8333333333333334,0.2724250809935205,35.0,16.0,0.08174001960259393,0.7745680439499851
1540,01_13_a0113121040001400046z,0.8333333333333334,0.42899258760107817,42.0,21.0,0.21056288381742846,0.8598896048173511
1541,01_13_A0113121050000100026z,0.6666666666666666,0.7161377708978328,24.0,14.0,1.4180650870179154,0.936286440343178
1542,01_13_A0113121050000100033z,0.8333333333333334,0.6569817493112947,24.0,7.0,1.0026582748882542,0.7707277491028846
1543,01_13_A0113121050000100043z,0.6666666666666666,0.4792108050847458,27.0,12.0,1.000469360325296,0.5614090225107238
1544,01_13_A0113121070000500050A,0.6666666666666666,0.4912449245939675,31.0,17.0,0.1166329726751788,0.7574391658332859
1545,01_13_a0113121070000600024A,0.5,0.7268656716417911,28.0,10.0,1.7353583085846167,0.7685448262699228
1546,01_13_a0113121070000600024B,0.8333333333333334,0.7032205657492355,25.0,9.0,1.0047598362631014,0.8949688220620813
1547,01_13_a0113121070000600031z,0.8333333333333334,0.3908933080808081,23.0,9.0,1.0016312754538084,0.7335670323393005
1548,01_13_a0113121070000600041z,0.5,0.244989224137931,37.0,22.0,1.0014710448941238,0.7020104159085917
1549,01_13_a0113121070001000023A,0.8333333333333334,0.2740953947368421,19.0,7.0,1.0027296210396444,0.6198703263031047
1550,01_13_a0113121070001000023B,0.6666666666666666,0.6711182336182336,28.0,13.0,1.0030574187062424,0.8832437733101529
1551,01_13_A0113121070001000032z,0.6666666666666666,0.3445890513126492,24.0,10.0,1.415046860596521,0.624484856155708
1552,01_13_a0113121090000300034z,0.8333333333333334,0.6072331919060052,22.0,16.0,1.0024682496889497,0.8505680681556734
1553,01_13_A0113121090000500021z,0.5,0.6524253731343284,30.0,19.0,1.7336588521936669,0.9032843703046178
1554,01_13_A0113121090000500025z,0.3333333333333333,0.6578856749311295,34.0,17.0,1.733298920528746,0.9121860173021916
1555,01_13_A0113121090000600025z,0.5,0.6114130434782609,31.0,15.0,1.7335821714176631,0.7668638182496085
1556,01_13_A0113121090000600032z,0.8333333333333334,0.6114130434782609,21.0,11.0,1.0014447226994003,0.8131249201198624
1557,01_13_A0113121090000600042z,0.6666666666666666,0.4980432513914657,29.0,15.0,1.0004462121175637,0.5729408548705485
1558,01_13_A0113121090000800032z,0.6666666666666666,0.28359200223713643,28.0,20.0,0.12579159077831611,0.6873322903633841
1559,01_13_A0113121090000800041z,0.6666666666666666,0.39839199029126215,29.0,17.0,0.06030455141082002,0.6635029806761379
1560,01_13_A0113121090000900029z,0.8333333333333334,0.8498711340206185,27.0,16.0,1.004666198525794,0.9802119183325264
1561,01_13_A0113121090000900032z,0.8333333333333334,0.6401666666666667,24.0,7.0,1.001306595390723,0.7933522566898407
1562,01_13_A0113121110000200025z,0.5,0.5654707495429616,23.0,16.0,1.4158448320463728,0.7887093201998432
1563,01_13_a0113121110000400034A,0.6666666666666666,0.3496903153153153,31.0,13.0,1.0008229363476897,0.779836917262753
1564,01_13_A0113121110000800033z,0.8333333333333334,0.25,21.0,9.0,1.0006097674165852,0.6444109447880181
1565,01_13_A0113121110000800045z,0.8333333333333334,0.2383830160320641,22.0,12.0,0.059427342675456726,0.6527229525283889
1566,01_13_A0113121110001000032z,0.6666666666666666,0.23050727317554245,22.0,12.0,1.0007574134756718,0.6663992540784103
1567,01_13_A0113121110001100032z,0.6666666666666666,0.2852718195266272,19.0,12.0,1.0006201996488486,0.6558517794001957
1568,01_13_a0113121110001200032z,0.6666666666666666,0.2776490480961924,19.0,12.0,1.0006078479634333,0.6562582979370692
1569,01_13_a0113121120000300026z,0.5,0.6627805727554179,29.0,15.0,1.7348136727866663,0.9552252539272708
1570,01_13_a0113121120000300045z,0.8333333333333334,0.5019054878048781,26.0,13.0,0.05092970081529671,0.7385552194806385
1571,01_13_A0113121130000100031A,0.6666666666666666,0.23022227533460804,19.0,8.0,1.0003805019319958,0.5776571640629415
1572,01_13_A0113121130000100031B,0.6666666666666666,0.34810595372460496,21.0,8.0,1.0007506809146425,0.6350387295514531
1573,01_13_A0113121130000100032z,0.8333333333333334,0.4207009508348794,23.0,11.0,1.0006927785242086,0.6891491955309692
1574,01_13_A0113121130000100043z,0.8333333333333334,0.4387758668903803,27.0,17.0,0.0959124083567958,0.7024235561101989
1575,01_13_A0113121130000100051z,0.6666666666666666,0.541382833787466,28.0,18.0,0.14081650886608982,0.8021749230786414
1576,01_13_a0113121140000200026z,0.6666666666666666,0.4936063218390805,26.0,15.0,1.4151804211016399,0.7783331473138525
1577,01_13_a0113121140000300023z,0.5,0.639171511627907,28.0,14.0,1.4181188692917468,0.8944966904859082
1578,01_13_a0113121140000300024A,0.6666666666666666,0.4583946734475375,27.0,11.0,1.415317811994209,0.8591708584200898
1579,01_13_a0113121140000300024B,0.5,0.6463364882506527,28.0,14.0,1.4183430432447648,0.8987721736523439
1580,01_13_a0113121140000300032z,0.8333333333333334,0.35408834586466165,19.0,13.0,0.07456253490372103,0.7213216089949557
1581,01_13_a0113121140000300040z,0.5,0.3953634085213033,27.0,15.0,1.0009077993544742,0.6921119991653872
1582,01_13_A0113121160000500055z,0.5,0.17949364143920604,64.0,26.0,0.07280918746219038,0.7329943536078952
1583,01_13_A0113121190000300024z,0.8333333333333334,0.6795749279538905,23.0,13.0,1.0034233196335487,0.8196423609868309
1584,01_13_A0113121190000300033z,0.8333333333333334,0.12179815573770493,17.0,7.0,1.0030647094614271,0.6733340446901455
1585,01_13_A0113121190000600031z,0.8333333333333334,0.224915837236534,31.0,13.0,0.11129966244511283,0.6597661806586045
1586,01_13_A0113121190000600041z,0.6666666666666666,0.4330878450106157,31.0,13.0,0.04513454757697441,0.646494572014491
1587,01_13_A0113121190000700032A,1.0,0.1953125,22.0,10.0,0.0759686299796903,0.6254006925865853
1588,01_13_a0113121190001100030B,0.6666666666666666,0.2846503450106157,27.0,8.0,1.0011096068326866,0.6056249634609557
1589,01_13_a0113121190001100033A,0.8333333333333334,0.2918769409937888,24.0,11.0,0.09230581364377216,0.6392009485316757
1590,01_13_A0113121210000700014A,0.5,1.0300925925925926,40.0,23.0,1.7438233465855637,1.307560994747242
1591,01_13_A0113121210000700017E,0.5,0.4830580865603644,30.0,17.0,1.7368105967075165,0.6610140333811467
1592,01_13_A0113121210000700023C,0.3333333333333333,0.4970446584938704,32.0,21.0,1.7405110426680304,0.771851954090797
1593,01_13_a0113121220001200031D,0.8333333333333334,0.23824631037567084,20.0,9.0,1.0005778847275932,0.6769916766473077
1594,01_13_a0113121220001200031E,0.8333333333333334,0.668758423180593,28.0,9.0,1.0005834238313465,0.7745881999184463
1595,01_13_a0113121220001200031F,0.8333333333333334,0.5294540229885057,28.0,9.0,1.0005235703071638,0.6827697748402871
1596,01_13_A0113121230001400041z,0.6666666666666666,0.3452706812652068,26.0,14.0,1.0065519368203308,0.7458694471350176
1597,01_13_A0113121230001900032z,0.8333333333333334,0.3491516821345708,21.0,9.0,0.06078305356676941,0.6920753872700567
1598,01_13_A0113121230002000024z,0.8333333333333334,0.31668074324324325,22.0,11.0,1.0009694916756946,0.6172791193751377
1599,01_13_A0113121240000600022z,0.5,0.7378498134328358,31.0,15.0,1.4163108078506643,0.8243360180412284
1600,01_13_A0113121240000600029z,0.8333333333333334,0.6159762596899225,25.0,10.0,0.08133633862423524,0.7564916038096104
1601,01_13_A0113121240000600034z,0.6666666666666666,0.4457135523613963,38.0,19.0,0.04289851829739539,0.5795281020164128
1602,01_13_A0113121240000600038z,0.6666666666666666,0.4494284294234593,38.0,19.0,0.04812191817476458,0.5872441737659635
1603,01_13_A0113121250000200025z,0.6666666666666666,0.6628521126760564,24.0,14.0,1.415908328998409,0.8866530622572977
1604,01_13_A0113121250000200033z,1.0,0.6703848773841962,26.0,8.0,0.06527310658624208,0.7369660590752964
1605,01_13_a0113121250000600025z,0.5,0.5995253164556962,27.0,18.0,1.4149460685571449,0.8789427994534946
1606,01_13_A0113121250001000034z,0.8333333333333334,0.3697133458646617,20.0,7.0,1.0018485372635306,0.7083135750823547
1607,01_13_a0113121250001100025z,0.6666666666666666,0.6852876106194691,26.0,11.0,1.4171532829352844,0.8742378870970852
1608,01_13_A0113121250001100035A,0.8333333333333334,0.4165178571428572,22.0,16.0,1.0005105338798883,0.6545224935134464
1609,01_13_A0113121250001800025z,0.8333333333333334,0.4966956193353474,24.0,9.0,1.0044517763888736,0.8587199670171736
1610,01_13_a0113121250002300023z,0.8333333333333334,0.5661956521739131,23.0,11.0,1.0040166427479988,0.7222964898704076
1611,01_13_a0113121250002300032z,1.0,0.34900182672233826,21.0,12.0,0.07115403671724416,0.7047544991180049
1612,01_13_a0113121260000500024z,0.6666666666666666,0.7206858407079646,26.0,12.0,1.4183422795080762,0.8970108367070632
1613,01_13_a0113121260000500034z,1.0,0.6380277044854882,26.0,8.0,0.06558374631823323,0.8161457015741577
1614,01_13_a0113121260000500043z,0.6666666666666666,0.4931745182012848,29.0,15.0,0.0342703124822152,0.7489017422634373
1615,01_13_A0113121260000700031z,0.8333333333333334,0.6282356948228883,25.0,15.0,1.002077537154234,0.8427864080845585
1616,01_13_A0113121260000700032B,0.6666666666666666,0.39116161616161615,22.0,10.0,1.000745700153087,0.6711996508884859
1617,01_13_A0113121260000700049z,0.6666666666666666,0.2847369350282486,26.0,11.0,1.000468467467837,0.6608410297598585
1618,01_13_a0113121260000900025z,0.5,0.6500340599455041,29.0,15.0,1.7336062138239667,0.8915190593447014
1619,01_13_a0113121260000900032z,0.8333333333333334,0.6836469686648501,25.0,7.0,1.0026914744210405,0.7922557015053844
1620,01_13_a0113121260001000027B,0.6666666666666666,0.4619956264108353,28.0,12.0,1.0008816189666712,0.7572198049916158
1621,01_13_A0113121260001100023A,0.5,0.6348333333333334,26.0,13.0,1.7324331485634978,0.8282277608567667
1622,01_13_A0113121260001100023B,0.6666666666666666,0.5542291666666667,22.0,14.0,1.4179286055613594,0.8251611587498664
1623,01_13_A0113121260001200024z,0.8333333333333334,0.16010356454720615,19.0,5.0,1.0018157193230048,0.6442856748862619
1624,01_13_a0113121260001200032A,0.8333333333333334,0.17589681952662714,21.0,13.0,0.06571818059503381,0.6650235975924266
1625,01_13_a0113121260001200032B,0.8333333333333334,0.4763768898488121,23.0,11.0,1.000681158416957,0.7490994844938306
1626,01_13_a0113121270000100025B,0.8333333333333334,0.3070562617702448,17.0,13.0,1.000311055967377,0.5767034147987578
1627,01_13_a0113121270000400033A,0.8333333333333334,0.2328907881002088,31.0,18.0,0.058089949383439615,0.7148303169528991
1628,01_13_a0113121270000400033C,1.0,0.27028867102396514,20.0,14.0,0.10551426378484724,0.7420919150346137
1629,01_13_a0113121270000400033D1,1.0,0.4500540987780041,25.0,14.0,0.10273383245919206,0.6922654070657113
1630,01_13_A0113121270000400040A,0.8333333333333334,0.36465839800443456,22.0,13.0,1.0008470802453069,0.6524564380805833
1631,01_13_a0113121270000600040A,0.8333333333333334,0.2284387939958592,33.0,18.0,0.045281023674944416,0.6940163922710523
1632,01_13_a0113121270000700033A,0.8333333333333334,0.2257165605095541,33.0,16.0,0.05660168798766271,0.7119019223189047
1633,01_13_a0113121270000700033B2,1.0,0.4561362419700215,19.0,12.0,0.09581181425090364,0.7175070700480184
1634,01_13_a0113121270000700033D1,1.0,0.447570931477516,25.0,14.0,0.10002361432372928,0.6979786519011764
1635,01_13_a0113121270001600024A,0.8333333333333334,0.24797577623126335,20.0,7.0,1.0023419257049841,0.6595619143008411
1636,01_13_a0113121270001600034A,0.6666666666666666,0.2037932790224033,26.0,11.0,1.4150582305271566,0.6623447657726423
1637,01_13_a0113121270001600034B,0.8333333333333334,0.4563629850088183,23.0,13.0,0.043366900388490316,0.7218773251948706
1638,01_13_a0113121270001800035A,0.5,0.24490777600849256,30.0,21.0,1.0053748711218495,0.8099100696802178
1639,01_14_a0114120040000500012z,0.3333333333333333,1.1351744186046508,33.0,21.0,2.0157308843687827,1.333449363125959
1640,01_14_A0114120040000500022B,0.5,0.3196552342256214,19.0,15.0,1.732577309335577,0.5791922537920475
1641,01_14_A0114120040000500023A,0.8333333333333334,0.6477425876010782,22.0,7.0,1.002776511780181,0.8564895252184653
1642,01_14_A0114120040000500034A,0.6666666666666666,0.12467136711281067,16.0,14.0,1.0002421631952487,0.5894073522549675
1643,01_14_A0114120070000100029z,0.8333333333333334,0.6158551356589147,27.0,9.0,1.0023940518714711,0.7644904588214619
1644,01_14_A0114120070000100032z,1.0,0.6397916666666666,19.0,10.0,0.06433181741878563,0.7696509690734089
1645,01_14_A0114120070000100040z,0.5,0.3045964805825243,26.0,15.0,1.0008063049910962,0.6618739367468971
1646,01_14_A0114120080000100024z,0.6666666666666666,0.6447162256267409,27.0,16.0,1.416613744439741,0.8005452968879808
1647,01_14_A0114120080000100038z,0.6666666666666666,0.4061446290944124,27.0,12.0,1.0004314172915152,0.5705477274996652
1648,01_14_A0114120080000200025z,0.3333333333333333,0.7249617737003058,37.0,19.0,2.0011802885770416,0.8632374094402442
1649,01_14_A0114120090000100029z,0.8333333333333334,0.14536340852130325,21.0,10.0,1.0029824612838658,0.6555877966773794
1650,01_14_A0114120090000100032z,0.8333333333333334,0.4295875959079284,24.0,9.0,1.0025380474650059,0.7115399430325545
1651,01_14_A0114120090000200036z,0.8333333333333334,0.18531402068126526,20.0,8.0,1.0017890824345348,0.6821889759788785
1652,01_14_A0114120090000300025z,0.3333333333333333,0.6853386167146974,31.0,19.0,1.7360466561927366,0.8299862645968746
1653,01_14_A0114120094000100025z,0.5,0.6659122562674095,30.0,15.0,1.7339376401650868,0.9045149265190706
1654,01_14_A0114120094000100032z,0.8333333333333334,0.6128362341772152,20.0,7.0,1.002364173801456,0.7228669956098513
1655,01_14_A0114120094000100043z,0.6666666666666666,0.43022411616161615,25.0,12.0,1.0005286334998118,0.5651225258731857
1656,01_14_A0114120100000700024z,0.3333333333333333,0.7310779816513762,32.0,17.0,1.7337482155217014,0.9294406931859046
1657,01_14_A0114120100000700031n,1.0,0.6089008905013192,25.0,8.0,0.07747582326859458,0.7516200796758038
1658,01_14_A0114120100000700031s,0.8333333333333334,0.13586797423887587,26.0,7.0,1.0033137623275177,0.6407334695085083
1659,01_14_A0114120100000700041z,0.6666666666666666,0.14116161616161615,37.0,18.0,0.034179047702525334,0.6017413314866855
1660,01_14_A0114120100001300034z,0.8333333333333334,0.23641520700636945,22.0,13.0,0.05441802548266246,0.6979002599306843
1661,01_14_A0114120100001300052z,0.8333333333333334,0.2287004475703325,23.0,21.0,0.1096343920454885,0.687640799953482
1662,01_14_a0114120100002600050C,0.6666666666666666,0.2968902886497065,35.0,25.0,1.0170438599131812,0.6125817031216003
1663,01_14_A0114120110000100025z,0.5,0.7010739306784661,24.0,16.0,1.4151087537749212,0.9045275298639378
1664,01_14_A0114120110000100026z,0.8333333333333334,0.2831554878048781,19.0,13.0,1.0012044794959738,0.8050567416363311
1665,01_14_A0114120110000100033z,1.0,0.6785486516034985,21.0,8.0,0.09059890886669017,0.8127819889280637
1666,01_14_A0114120110000100042z,0.8333333333333334,0.44310061252268607,23.0,14.0,0.029765170635434976,0.4879481736885942
1667,01_14_A0114120110000200025z,0.6666666666666666,0.7310779816513762,29.0,14.0,1.4154980724300268,0.9409863151989091
1668,01_14_A0114120110001600052z,0.5,0.3819230313092979,31.0,18.0,1.012560484208147,0.7090545778812973
1669,01_14_a0114120113000100032B,1.0,0.452315414507772,25.0,9.0,0.04747164470561984,0.7003370402999665
1670,01_14_A0114120120000200024z,0.6666666666666666,0.8659625435540069,24.0,12.0,1.41803759313304,0.8977387407802061
1671,01_14_A0114120120000200033A,0.6666666666666666,0.3218127927400468,25.0,8.0,1.4146545621664124,0.7118982014795829
1672,01_14_A0114120120000200043A,0.6666666666666666,0.5453951949860725,24.0,18.0,1.0004889607085945,0.7715746601090352
1673,01_14_A0114120120001000033z,0.6666666666666666,0.3425030537459284,24.0,8.0,1.4169267243977168,0.7119915652941353
1674,01_14_A0114120120001300047z,0.6666666666666666,0.30901327565632464,26.0,21.0,1.0042871494882368,0.7025424485204173
1675,01_14_A0114120130000200029z,0.8333333333333334,0.21181028610354224,23.0,10.0,1.003432048683529,0.7092658483201321
1676,01_14_A0114120130000200032z,0.8333333333333334,0.5531626506024097,25.0,14.0,0.1017175616004015,0.7712484527090804
1677,01_14_A0114120130000200042z,0.5,0.4677375809935205,35.0,19.0,0.10519070070424763,0.5924991150799273
1678,01_14_a0114120130000300027B,0.6666666666666666,0.7121268656716417,22.0,15.0,1.416330043326366,0.9475889379124152
1679,01_14_a0114120130000300033z,0.8333333333333334,0.6402985724233984,21.0,11.0,0.06964666602184809,0.7658180679771901
1680,01_14_a0114120130000300042z,0.3333333333333333,0.3399593195266272,38.0,15.0,1.0036662538852088,0.6735768904833379
1681,01_14_a0114120130000900026z,0.5,0.7807343234323433,28.0,15.0,1.735138497482802,0.9044493928513448
1682,01_14_a0114120130000900034z,0.6666666666666666,0.5628012048192771,27.0,14.0,1.4158026223902007,0.7723001727224093
1683,01_14_a0114120130000900037B,0.8333333333333334,0.5540019424131627,27.0,11.0,1.0021621416897084,0.7146166799404696
1684,01_14_A0114120130001400030z,0.8333333333333334,0.4222091395112017,23.0,11.0,1.0026792281810084,0.6830754027973972
1685,01_14_A0114120130001400031N,0.8333333333333334,0.5676660382830626,22.0,9.0,1.0017175105998566,0.7295956716052561
1686,01_14_A0114120130001400031S,0.8333333333333334,0.5717808734939759,23.0,9.0,1.002124103711589,0.7296621880863372
1687,01_14_A0114120130001600033A,0.6666666666666666,0.4062218468468469,25.0,8.0,1.415060906806909,0.6533591655193928
1688,01_14_A0114120130001600033B,0.8333333333333334,0.6126106948228883,27.0,13.0,1.0018751073738632,0.8345673431765442
1689,01_14_A0114120190000100024z,0.5,0.7447100313479624,25.0,14.0,1.4153620653997043,0.9543169093080118
1690,01_15_A0115137030000300025z,0.6666666666666666,0.7088864306784661,20.0,11.0,1.418705967079792,0.99758091534501
1691,01_15_A0115137030000500022z,0.3333333333333333,0.6062979539641944,25.0,18.0,1.7339095509700715,0.8459115723999949
1692,01_15_A0115137030000500025z,0.5,0.4799628450106157,28.0,14.0,1.7322894750557432,0.7588406238530806
1693,01_15_A0115137030000500030z,0.5,0.5405444964871194,35.0,18.0,1.4144584049643645,0.8076593040305625
1694,01_15_A0115137030000500035z,0.3333333333333333,0.4256133177570093,35.0,19.0,1.4154610757957975,0.7561746965848438
1695,01_15_A0115137030000500045z,0.5,0.4419150801603207,32.0,16.0,1.0005322981094706,0.7601746773666647
1696,01_15_A0115137030000600017z,0.5,1.1537790697674422,28.0,18.0,1.7355611904478203,1.2815167394542468
1697,01_15_A0115137030000600047z,0.3333333333333333,0.3086636431411531,47.0,19.0,0.11323762124496205,0.6000005685544838
1698,01_15_A0115137030000800027z,0.5,0.22560096153846154,34.0,24.0,1.417272316809485,0.7718934188643694
1699,01_15_A0115137030000800031z,0.6666666666666666,0.29024493243243243,41.0,16.0,0.09048082686617603,0.6342019667259466
1700,01_15_A0115137030000900017z,0.5,1.245395531400966,27.0,18.0,1.7353755106561546,1.3210022625776927
1701,01_15_A0115137030000900025z,0.6666666666666666,0.7061567164179104,20.0,11.0,1.4189265442595995,0.9969270110162608
1702,01_15_A0115137030000900035z,0.3333333333333333,0.4995842572062085,36.0,32.0,1.4143975372841604,0.7002667244035327
1703,01_15_A0115137030001300048z,0.6666666666666666,0.11312196601941747,41.0,20.0,0.05049912930614128,0.7822633245066042
1704,01_15_A0115137030001500033z,0.5,0.5754329819277109,25.0,16.0,1.4146595396181576,0.8162696285397735
1705,01_15_A0115137030001500035z,0.3333333333333333,0.4587074125230203,31.0,20.0,1.4147972004033569,0.866013702659429
1706,01_15_A0115137030001500045z,0.5,0.4651490480961924,48.0,24.0,0.09198502941966123,0.5814980991355716
1707,01_15_A0115137030001500052z,0.3333333333333333,0.3748341295116773,65.0,41.0,0.10443422657140132,0.6573108477445787
1708,01_15_A0115137030001800035z,0.3333333333333333,0.495149667405765,26.0,15.0,1.4144380511287096,0.6940074163352075
1709,01_15_A0115137030001800046z,0.3333333333333333,0.32022148058252425,47.0,23.0,0.11403981838359363,0.6035616796279678
1710,01_15_A0115137030001900025z,0.6666666666666666,0.6968659942363112,20.0,11.0,1.4188171906879024,0.9919915609656376
1711,01_15_A0115137030002300017z,0.5,1.2511545566502462,27.0,18.0,1.7357155776864637,1.328792116264812
1712,01_15_A0115137030002300027z,0.6666666666666666,0.7892915309446255,15.0,11.0,1.42039267309068,1.0027925866734362
1713,01_15_A0115137030002500036z,0.6666666666666666,0.5499121779859485,26.0,17.0,1.4145849406069388,0.8290306943456267
1714,01_15_A0115137030003800040z,0.5,0.4936063218390805,27.0,17.0,0.04454600145305577,0.6111787455182676
1715,01_15_A0115137030004600029z,0.6666666666666666,0.109181141439206,19.0,15.0,1.41598506785834,0.6702510987621437
1716,01_15_A0115137030004600039z,0.8333333333333334,0.12407368568232655,20.0,5.0,1.0028790441275253,0.6694217127427385
1717,01_15_A0115137030005200027z,0.6666666666666666,0.7892915309446255,15.0,11.0,1.420271292473804,1.0064565949504225
1718,01_15_a0115137030005900058z,0.5,0.324779501216545,37.0,27.0,0.12547555181420345,0.7724263756280835
1719,01_15_A0115137030006200015A,0.3333333333333333,0.8950645756457565,40.0,23.0,2.002418722351312,1.1285394768148087
1720,01_15_A0115137030006200015B,0.3333333333333333,0.9881072874493928,38.0,22.0,2.004697025241416,1.0827825027914966
1721,01_15_A0115137030006600050z,0.5,0.2632401315789473,30.0,17.0,1.001316752346232,0.6877805436793664
1722,01_15_A0115137030007700031z,0.8333333333333334,0.2851947731755424,22.0,13.0,0.04071293963247977,0.6812350196091845
1723,01_15_A0115137030008200019A,0.5,0.7038372507122507,24.0,17.0,1.7341556000802498,0.8682277688917973
1724,01_15_A0115137030008200019B,0.3333333333333333,0.5788370253164556,29.0,21.0,2.0016864828898573,0.8891429042914328
1725,01_15_A0115137030008200023z,0.8333333333333334,0.2979514613778705,15.0,16.0,1.002994128198787,0.5756432170701302
1726,01_15_A0115137040000200024z,0.5,0.545228337236534,25.0,13.0,1.418032548153376,0.9416614202716892
1727,01_15_A0115137040000400034z,0.5,0.5796456812652068,33.0,20.0,1.414281210428875,0.8303287448299813
1728,01_15_a0115137040002200033z,0.6666666666666666,0.3875890544041451,27.0,15.0,1.0012785123327437,0.6941309655739407
1729,01_15_A0115137040004500024z,0.16666666666666666,0.7283543577981652,45.0,32.0,1.7364252098854998,0.904229370079798
1730,01_15_A0115137040004500029z,0.5,0.6656590599455041,35.0,19.0,1.415254890997149,0.7821106130295139
1731,01_15_A0115137040004600027z,0.6666666666666666,0.8187709030100334,26.0,15.0,1.4171545135562205,1.0108887557552289
1732,01_15_a0115137040007100066z,0.5,0.4493343195266272,46.0,25.0,1.0047496453189435,0.7443078459288558
1733,01_15_a0115137040009600025A,0.5,0.3468054742388759,18.0,19.0,1.7333375400443458,0.7514571023240892
1734,01_15_a0115137040009600035A,1.0,0.3651650574112735,21.0,13.0,0.08234108220255998,0.7246337397300974
1735,01_15_a0115137040009600050A,0.8333333333333334,0.4063898210290827,32.0,16.0,0.14298216883066525,0.7730402899873601
1736,01_15_a0115137040009600060A,0.6666666666666666,0.4016882183908046,32.0,18.0,0.18218359513492716,0.7988348346821649
1737,01_15_a0115137040009600070A,0.6666666666666666,0.4188171241050119,30.0,18.0,0.20371089878684068,0.8012003325970398
1738,01_15_a0115137040009600091A,0.3333333333333333,0.3807753164556962,60.0,34.0,0.06392136152396083,0.9328809676360136
1739,01_15_a0115137040009700044T1,0.6666666666666666,0.27009200121654503,41.0,19.0,0.09580355262774587,0.7505214228263377
1740,01_15_a0115137040009700044T2,0.5,0.29380090852130325,54.0,22.0,0.08770775814460889,0.8138197886120405
1741,01_15_a0115137040010600026A,0.6666666666666666,0.4167687908496732,28.0,15.0,1.0031807637564607,0.7930244564214949
1742,01_15_a0115137040010600026B,0.8333333333333334,0.18048960472279266,25.0,11.0,1.0024587036438253,0.7581507098450414
1743,01_15_a0115137040010600034A,0.8333333333333334,0.22529108672376874,22.0,14.0,1.002128037781565,0.7484772907815832
1744,01_15_a0115137040010600057z,0.5,0.3817951474201474,56.0,26.0,0.12652770049703072,0.8208051337152127
1745,01_15_A0115137060000200035z,0.5,0.5566066997518611,30.0,18.0,1.4157088253438816,0.8753809508872024
1746,01_15_a0115137060000500024z,0.5,0.4962510945709282,28.0,15.0,1.7327649145355732,0.6948278680952026
1747,01_15_A0115137060000700032z,0.8333333333333334,0.5417183622828784,25.0,13.0,1.0043793345484746,0.7581393033278776
1748,01_15_A0115137060000900029z,0.6666666666666666,0.6135,28.0,15.0,1.4231867942198964,0.9902280285543034
1749,01_15_A0115137060000900050z,0.5,0.4323786534446764,28.0,15.0,1.0049585972564463,0.5942014203006548
1750,01_15_A0115137060001000026z,0.5,0.6741197183098592,30.0,17.0,1.7377146475933216,0.9847444456528724
1751,01_15_A0115137060001000038z,0.6666666666666666,0.4893358531317494,16.0,17.0,1.4173305850046336,0.6939806403821361
1752,01_15_a0115137060001400025C,0.5,0.6859658232628398,30.0,12.0,1.7333310273844735,0.9191924927446008
1753,01_15_a0115137060001400025z,0.16666666666666666,0.7004969418960245,37.0,27.0,1.7377266848901345,0.9805951498164588
1754,01_15_a0115137060001400033z,0.8333333333333334,0.6118458638025595,22.0,11.0,1.0007175376900828,0.7652550308772151
1755,01_15_a0115137060001400043z,0.5,0.4140625,25.0,11.0,1.0004205537476905,0.5495860167924379
1756,01_15_a0115137060001400053z,0.3333333333333333,0.25792760128913444,45.0,22.0,0.0969008318213895,0.7321073700394644
1757,01_15_A0115137060003000030z,0.5,0.4201280187835421,34.0,20.0,1.4145224928396296,0.7708744596019482
1758,01_15_A0115137060003000033z,0.5,0.5882552749360613,34.0,19.0,1.4148139627930183,0.9063540906137414
1759,01_15_A0115137060004800042z,0.5,0.4686589805825242,27.0,17.0,1.0004387744146543,0.5896956370771086
1760,01_15_a0115137060005400030z,0.8333333333333334,0.721487915407855,22.0,10.0,1.0025847551126694,0.9103536120348776
1761,01_15_a0115137060005400032z,0.8333333333333334,0.4799628450106157,26.0,10.0,1.0033612471738311,0.7992741618686272
1762,01_15_A0115137060005700032A,0.8333333333333334,0.6126705955334988,19.0,11.0,1.0072623643032033,0.7972713313765822
1763,01_15_A0115137060007300023A,0.8333333333333334,0.6584947183098592,22.0,5.0,1.003242778802118,0.8656247980064163
1764,01_15_A0115137060007300032z,0.8333333333333334,0.3542536534446764,27.0,9.0,1.0016749940350065,0.7257483894159624
1765,01_15_A0115137060007300040z,0.6666666666666666,0.48284899150743105,33.0,18.0,0.12524383747163756,0.6954338805478353
1766,01_15_a0115137060007600041A,0.5,0.3007545558086561,25.0,19.0,1.4175387885206698,0.7095439824793124
1767,01_15_A0115137060007600046z,0.5,0.2552696734475375,27.0,16.0,1.4150076357211778,0.6695534594112447
1768,01_15_A0115137060007700061A,0.5,0.3733328163771712,55.0,25.0,0.08824769385194789,0.8056411965666059
1769,01_15_A0115137060007900034b,0.6666666666666666,0.7276665921288015,28.0,11.0,1.4146137426186265,0.8244042302546302
1770,01_15_A0115137060008000032A,0.6666666666666666,0.2612149532710281,29.0,17.0,0.03991564114294725,0.65410325889618
1771,01_15_A0115137060008000032B,0.6666666666666666,0.5694175119331742,32.0,17.0,0.03830651822661865,0.7862721110926152
1772,01_15_A0115137060008200066z,0.3333333333333333,0.21365777600849256,60.0,31.0,0.10191441820612353,0.7464274504105564
1773,01_15_A0115137060008700056a,0.3333333333333333,0.19321098562628336,51.0,24.0,0.11333998340133684,0.6994063205648688
1774,01_15_A0115137060010000032z,1.0,0.2461955160320641,18.0,10.0,0.07814266078609984,0.6546666605380613
1775,01_15_A0115137060010000045B,0.6666666666666666,0.3128263707571801,33.0,16.0,0.15826878333504696,0.7559118327918511
1776,01_15_A0115137060010000045C,0.8333333333333334,0.2695817183462532,26.0,14.0,0.11624936331520265,0.7689324501289799
1777,01_15_A0115137060010900016z,0.3333333333333333,1.0383230452674896,48.0,28.0,2.0122503539191694,1.3739399357129445
1778,01_15_A0115137060010900017z,0.3333333333333333,1.0608766233766234,48.0,28.0,2.012406156754519,1.3887224544049734
1779,01_15_A0115137060012200049z,0.5,0.32662021767810023,35.0,22.0,1.0073664443908268,0.7868326760842097
1780,01_15_A0115137060012200057z,0.5,0.3732416310541311,32.0,21.0,1.0065506007332827,0.7895656764049448
1781,01_15_a0115137060012900032C,1.0,0.3460220917225951,17.0,4.0,0.08776008707409788,0.6877361964861589
1782,01_15_a0115137060012900032D,0.6666666666666666,0.3357518898488121,28.0,10.0,1.4150331739297897,0.7878626562852231
1783,01_15_A0115137060014100034A,0.6666666666666666,0.2580920725646123,20.0,11.0,1.004769008642079,0.7334118173508916
1784,01_15_A0115137060014100035z,0.6666666666666666,0.5091702279202279,31.0,19.0,1.0031580051253048,0.8577062208565963
1785,01_15_A0115137060014100036A,0.6666666666666666,0.4899640992167101,26.0,16.0,1.0093867998295891,0.7730882897288949
1786,01_15_A0115137060015100052E,0.3333333333333333,0.6098237597911227,56.0,32.0,0.09313282990928314,0.8575863159836801
1787,01_15_A0115137060016000045B,0.5,0.31214231927710845,33.0,24.0,1.0043578947478844,0.7113608952532778
1788,01_15_A0115137060016300056B,0.3333333333333333,0.6508869636963697,41.0,20.0,1.415966769416963,1.00843683692921
1789,01_15_A0115137060016800034A,0.8333333333333334,0.22310729847494548,23.0,15.0,0.14820871324769924,0.6815217869680112
1790,01_15_A0115137060016800034B,0.8333333333333334,0.2634927293064877,21.0,11.0,1.0022607811224409,0.6721607355996577
1791,01_15_a0115137060016900039z,0.6666666666666666,0.2037932790224033,42.0,25.0,0.10563322151140543,0.6396164599842165
1792,01_15_a0115137060017000021A,0.5,0.6793879056047197,37.0,22.0,1.7415587514614392,0.9922405399168096
1793,01_15_a0115137060017000023B,0.6666666666666666,0.21552985948477754,22.0,14.0,1.4174878652737073,0.8281374816889218
1794,01_15_a0115137060017000031z,0.6666666666666666,0.9020900974025974,28.0,13.0,1.4220529881925552,1.0440994174313252
1795,01_15_a0115137060017000035C,0.6666666666666666,0.3646148036253777,39.0,14.0,0.09622660482036094,1.013633613439367
1796,01_15_A0115137060017100018C,0.5,0.9243913857677902,32.0,18.0,1.7361602195373618,1.0403537186911973
1797,01_15_A0115137060017100034A,0.8333333333333334,0.11772411616161615,22.0,11.0,1.0012892794801869,0.7221666543394649
1798,01_15_A0115137060017100034D,1.0,0.4804763943248532,22.0,12.0,0.13324224635585216,0.7737740869721165
1799,01_15_a0115137060018100032z,0.6666666666666666,0.43276762402088775,34.0,16.0,0.11692851060557413,0.8698462018984808
1800,01_15_A0115137060018400033z,0.6666666666666666,0.4854302832244009,26.0,13.0,1.0005245400246527,0.7140622635928474
1801,01_15_a0115137060022400041L,0.6666666666666666,0.7565597667638484,32.0,15.0,1.01508337358581,0.9909990263073024
1802,01_15_a0115137060022400068J,0.5,0.7821979602510459,31.0,15.0,1.008055486426688,1.1896967713263027
1803,01_15_A0115137070000200034z,0.6666666666666666,0.5800061425061425,22.0,17.0,1.4149226970646298,0.7718288260896677
1804,01_15_A0115137070000200050a,0.6666666666666666,0.3944629854368932,28.0,13.0,0.04400318639822785,0.5384774575329864
1805,01_15_A0115137070000200050b,0.8333333333333334,0.4629777070063694,19.0,12.0,0.044270801096984655,0.6147473525434307
1806,01_15_A0115137070000200062a,0.5,0.4213563972162741,36.0,22.0,1.0009243334793725,0.6665600319136745
1807,01_15_A0115137070000800020A,0.5,0.9470057034220531,38.0,20.0,1.7327478040679338,1.154235140623531
1808,01_15_A0115137070000800032A,0.6666666666666666,0.5511326058201058,22.0,16.0,1.0010112778086422,0.7455371699729683
1809,01_15_A0115137070001800032z,0.8333333333333334,0.5562419250645995,19.0,5.0,1.0022221891115872,0.7343205331571551
1810,01_15_A0115137070002100023z,0.3333333333333333,0.4426660382830626,33.0,20.0,2.0007634140862147,0.7598415014172396
1811,01_15_A0115137070002100025z,0.3333333333333333,0.5822251773049646,37.0,20.0,2.000325098839912,0.7560219853452362
1812,01_15_A0115137070002100034z,0.6666666666666666,0.34627253134796243,25.0,15.0,1.4160208797553717,0.8898695313233397
1813,01_15_a0115137070006400021z,0.16666666666666666,0.8615282685512368,35.0,26.0,2.004663028365085,1.0649472173182248
1814,01_15_a0115137070006400022z,0.16666666666666666,1.005401234567901,35.0,21.0,2.001486839300417,1.0805658006875885
1815,01_15_A0115137070007500047A,0.6666666666666666,0.5523684610705596,31.0,15.0,1.0014098048554112,0.7770554389076711
1816,01_15_A0115137070007500056z,0.8333333333333334,0.5050789337474121,25.0,17.0,0.10882083672772787,0.7651715595310488
1817,01_15_a0115137070009100016A,0.5,1.2158251231527093,40.0,24.0,1.765551633951833,1.465677803615953
1818,01_15_A0115137070009100027z,0.3333333333333333,1.5351328592814368,38.0,22.0,2.006975286065749,1.4994936113607034
1819,01_15_A0115137070009200062z,0.5,0.4111248297002725,58.0,29.0,0.20055946196768806,0.8832459931313874
1820,01_15_A0115137070010100014A1,0.5,0.9394920318725101,37.0,20.0,1.7428645071459796,1.1970870829960396
1821,01_15_A0115137070010100019A2,0.3333333333333333,0.6474125364431487,31.0,15.0,1.7349539292568017,0.9465795786743952
1822,01_15_A0115137070011100048z,0.5,0.5077576112412178,35.0,22.0,1.4163905672938135,0.8438102454743783
1823,01_15_A0115137070011100053z,0.6666666666666666,0.560928891184573,36.0,21.0,1.006225817968624,0.9496773255082896
1824,01_15_A0115137070011100054z,0.3333333333333333,0.5063223773841962,53.0,32.0,1.0054953756715002,0.9158101914476876
1825,01_15_A0115137070011100068B,0.16666666666666666,0.8567439862542955,53.0,32.0,1.013487674215294,1.0320399679978354
1826,01_15_A0115137070011100079z,0.16666666666666666,0.4832361516034985,84.0,49.0,1.0059200895891725,1.022330835447777
1827,01_15_A0115137070011200031A,0.8333333333333334,0.4501315789473685,28.0,15.0,0.11184701629090947,0.7494574732482433
1828,01_15_A0115137070011200031B,0.8333333333333334,0.3954440789473685,26.0,15.0,0.10760101396256082,0.7580082651155301
1829,01_15_A0115137070011200043z,0.6666666666666666,0.4440479490022173,38.0,16.0,0.09846546938112984,0.7566597597407999
1830,01_15_A0115137070012600032z,0.8333333333333334,0.18648758099352047,36.0,18.0,0.06070296052411124,0.6948513491133556
1831,01_15_A0115137070012600040z,0.6666666666666666,0.19489675720620847,30.0,19.0,0.06813304680802708,0.6737723603110359
1832,01_15_A0115137070012600044A,0.6666666666666666,0.2405591334894613,34.0,19.0,0.09046388223186973,0.7490215621440717
1833,01_15_A0115137070012900056A,0.8333333333333334,0.5054276315789473,27.0,15.0,0.08018456594641918,0.7271309008197292
1834,01_15_A0115137070012900056B,0.8333333333333334,0.4623447204968945,25.0,14.0,0.12091269931050895,0.6780613057172539
1835,01_15_a0115137070014400018z,0.5,0.8944288389513109,43.0,27.0,1.749909704470464,1.3297553539824596
1836,01_15_a0115137070014400027z,0.3333333333333333,0.7555428134556575,41.0,25.0,2.008317132811744,1.0707332948330326
1837,01_15_a0115137070014400037z,0.5,0.5858031326781327,32.0,17.0,1.4179048176253792,0.9242357125259596
1838,01_15_A0115137070014500032z,0.8333333333333334,0.4569277108433735,25.0,14.0,0.09865331015815297,0.7879571710172112
1839,01_15_A0115137070014500045z,0.8333333333333334,0.4627631578947369,23.0,13.0,0.032755878378899726,0.6523675089714004
1840,01_15_A0115137070015800032z,0.6666666666666666,0.24670436295503215,26.0,12.0,1.0011551271257029,0.6700775100619591
1841,01_15_A0115137070015800044z,1.0,0.2813199105145414,25.0,17.0,0.13436585407498142,0.6784385389208708
1842,01_15_A0115137070015800055z,0.6666666666666666,0.2889281326781327,32.0,20.0,0.15098735571248778,0.7618324027166722
1843,01_15_A0115137070016000013z,0.3333333333333333,0.9713645418326692,38.0,23.0,2.003510204121413,1.1009899398752
1844,01_15_A0115137070016000014z,0.3333333333333333,0.931796577946768,38.0,22.0,2.0012172498970147,1.1357614681762167
1845,01_15_A0115137070016000056z,0.3333333333333333,0.6039146505376344,64.0,31.0,0.17474444784752147,1.0547400985046649
1846,01_15_A0115137070016100036A,0.6666666666666666,0.14053398058252425,26.0,18.0,0.10125465013096786,0.8238626789026688
1847,01_15_A0115137070017800032z,0.8333333333333334,0.554501828153565,22.0,11.0,1.001698884547828,0.6851620796986995
1848,01_15_A0115137070017800039z,0.6666666666666666,0.4726334951456311,30.0,19.0,0.1515483701707733,0.6951174654509731
1849,01_15_A0115137070017800043z,0.5,0.3437044902912621,36.0,21.0,0.09066216114297578,0.7055704899344059
1850,01_15_A0115137070017800045z,0.3333333333333333,0.4802053227360309,35.0,22.0,0.09253594275334144,0.6750263078561537
1851,01_15_a0115137070018500033z,0.6666666666666666,0.6150456919060052,25.0,13.0,1.0129236424143098,1.0041094299417213
1852,01_15_a0115137070018500034A,0.6666666666666666,0.5571611147757256,25.0,13.0,1.012284719655388,0.962983557179126
1853,01_15_a0115137070018500034B,0.6666666666666666,0.32997475626740946,29.0,16.0,1.0091942304181498,0.9857456109217366
1854,01_15_a0115137070018500038z,0.5,0.5977571494464945,42.0,19.0,1.0023923614096262,1.0913919724822956
1855,01_15_a0115137070018600026z,0.6666666666666666,0.6065962099125365,31.0,17.0,1.4158270876142298,0.9193767227456774
1856,01_15_a0115137070018600030z,0.6666666666666666,0.5021306818181818,32.0,17.0,1.4150253306392508,0.936131120596205
1857,01_15_a0115137070018600032z,0.5,0.7590434083601286,35.0,21.0,1.735075987709637,1.0040159397349109
1858,01_15_A0115137070019000029z,0.6666666666666666,0.3853929384965832,38.0,15.0,1.0040336790333253,0.7575859507663134
1859,01_15_A0115137070019000030z,0.6666666666666666,0.4910092807424594,33.0,11.0,1.002912007240221,0.7981998612888624
1860,01_15_A0115137070019000031z,0.6666666666666666,0.2764929742388759,34.0,11.0,1.0020814388341703,0.6936166349347306
1861,01_15_a0115137070019100017z,0.5,0.5173226164079823,35.0,21.0,1.737499106111848,0.8441068881737509
1862,01_15_a0115137070019100022z,0.6666666666666666,0.8120819397993311,24.0,12.0,1.4207163636679012,0.8368073619559631
1863,01_15_a0115137070019100032z,0.6666666666666666,0.4534045725646123,32.0,12.0,1.0034684244685743,0.8084413875829038
1864,01_15_a0115137070019100033B,0.6666666666666666,0.4703542094455853,29.0,17.0,1.0044289732677785,0.8383277605832764
1865,01_15_A0115137070020000023z,0.3333333333333333,0.6008107817869416,28.0,18.0,2.001482188400898,0.8177147954534343
1866,01_15_A0115137070020000032A,0.6666666666666666,0.32034841954022986,25.0,15.0,1.002702480962843,0.6894461669492624
1867,01_15_A0115137070020000042z,0.8333333333333334,0.4797981948228883,35.0,16.0,0.10476038638159883,0.8777125010725471
1868,01_15_A0115137070020400031z,0.5,0.3400715442764579,37.0,19.0,0.09371624937511368,0.7781540116818109
1869,01_15_a0115137070020400032z,0.6666666666666666,0.9098247232472324,37.0,18.0,0.13255070855657575,1.1252556796534159
1870,01_15_A0115137070020800029z,0.5,0.4636682242990654,27.0,19.0,1.733465098643895,0.6767994474059055
1871,01_15_A0115137070020800031A,0.3333333333333333,0.44551603206412826,28.0,21.0,2.0019987213634955,0.6605278457526129
1872,01_15_A0115137070021600034z,0.6666666666666666,0.4973709725536993,23.0,14.0,1.000490432623441,0.7570321821411298
1873,01_15_A0115137070022500032z,0.6666666666666666,0.28819836343115124,22.0,12.0,1.0009248391402248,0.6565031974593426
1874,01_15_a0115137070022700038A,0.6666666666666666,0.4241045533642691,26.0,19.0,1.0061258732751244,0.7346027387281123
1875,01_15_a0115137070022700040A,0.3333333333333333,0.4324005225080386,30.0,21.0,1.4196112436094919,0.7914604061898101
1876,01_15_a0115137070022700046A,0.8333333333333334,0.3969650776053215,29.0,19.0,0.1236211868838714,0.7241942693851705
1877,01_15_a0115137070022700049z,0.8333333333333334,0.4047251506024097,27.0,18.0,0.17397699676108838,0.7994893973051305
1878,01_15_A0115137070022800032z,0.8333333333333334,0.5748425982800983,21.0,13.0,1.00837787260478,0.8103806420171495
1879,01_15_A0115137070022800040z,0.8333333333333334,0.6246919014084507,21.0,16.0,1.0114151304152328,0.944278449686032
1880,01_15_A0115137070022800050z,0.5,0.4818458980044346,37.0,19.0,1.0052960219679503,0.8478130236647953
1881,01_15_a0115137070023100031B,0.8333333333333334,0.25365977533460804,26.0,13.0,0.0971845299323752,0.7078861260159902
1882,01_15_a0115137070023300036z,0.8333333333333334,0.3588820506692161,20.0,12.0,1.0084153538062792,0.7264642254778781
1883,01_15_a0115137070023300052z,0.8333333333333334,0.3873203285420944,27.0,19.0,0.20264165857976096,0.7228202760340285
1884,01_15_a0115137070023600031z,0.8333333333333334,0.3992424242424243,17.0,15.0,1.0018691666231674,0.7566556078398169
1885,01_15_a0115137070023600042z,0.5,0.3288567493112947,37.0,21.0,0.13809035637280853,0.8554626253401084
1886,01_15_A0115137070024600042A,0.8333333333333334,0.263978337236534,36.0,18.0,0.13129602461669504,0.782881579610337
1887,01_15_a0115137070027300062z,0.3333333333333333,0.5957880434782609,47.0,27.0,1.0150790243523626,1.0025097711160171
1888,01_15_a0115137070028400041z,0.6666666666666666,0.5777069397993311,33.0,13.0,1.0054622234880215,0.8155878481516752
1889,01_15_a0115137070028400043z,0.8333333333333334,0.24365550755939525,35.0,19.0,0.07331837556817407,0.7947724193057825
1890,01_15_a0115137070028400049A,0.6666666666666666,0.37541020286396176,45.0,26.0,0.05673815184170305,0.9100277337552176
1891,01_15_A0115137130000100027z,0.5,0.3593186936936937,27.0,18.0,1.4144004907726375,0.6870815746602189
1892,01_15_a0115137130000100031N,0.6666666666666666,0.36362862976406535,30.0,18.0,1.0003454301992785,0.7015779280096108
1893,01_15_a0115137130000100031S,0.6666666666666666,0.3485078828828829,27.0,16.0,1.0004378552564002,0.6888796879363805
1894,01_15_A0115137130000100031z,1.0,0.3836251477541371,20.0,12.0,0.07935150188199035,0.7819913156991803
1895,01_15_A0115137130000600033z,0.6666666666666666,0.3601890996343693,27.0,18.0,1.0003865587862382,0.6807794703720075
1896,01_15_A0115137130000700013z,0.3333333333333333,1.1621376811594204,43.0,25.0,2.009484941266393,1.3859195036347254
1897,01_15_A0115137130000700014z,0.3333333333333333,1.5049846625766872,40.0,22.0,2.005790723766901,1.4041917254998677
1898,01_15_A0115137130000700016z,0.3333333333333333,1.4089285714285715,38.0,22.0,2.0049130442341974,1.3343078119938525
1899,01_15_a0115137130002100014z,0.5,1.0502659574468085,45.0,26.0,1.77803761705575,1.5551917206362016
1900,01_15_a0115137130002100028z,0.5,0.5294540229885057,37.0,23.0,1.7406634426465772,0.9084199435414602
1901,01_15_A0115137140000100030z,0.6666666666666666,0.6565201729106628,22.0,15.0,1.4157681106580735,0.7708342486071527
1902,01_15_A0115137140000100032z,1.0,0.595811345646438,20.0,8.0,0.06308558596485192,0.7255815697807395
1903,01_15_a0115137140000800035A,0.6666666666666666,0.23317697084233255,34.0,17.0,0.056115847078276465,0.7365858026911835
1904,01_15_a0115137140001100025A,0.6666666666666666,0.4809775801603207,33.0,15.0,0.05038146153771783,0.7715208291854377
1905,01_15_a0115137140001100036A,0.6666666666666666,0.2369554384965832,34.0,17.0,0.06774320875797761,0.7434721468758032
1906,01_15_a0115137140001300039C-1,0.6666666666666666,0.2661678625377644,38.0,17.0,0.1379449480564108,0.7859480848594383
1907,01_15_a0115137140001300039C-2,0.6666666666666666,0.2739803625377644,43.0,22.0,0.13990572060541226,0.7936225753419539
1908,01_16_a0116133020000100037z,0.8333333333333334,0.3132392902813299,32.0,23.0,0.0740032667362352,0.6704818626786957
1909,01_16_a0116133020000300028z,0.8333333333333334,0.5092805075593952,23.0,11.0,1.0009949862984322,0.6799983537783918
1910,01_16_a0116133020000300034z,1.0,0.06930008099352047,18.0,8.0,0.053963904417127416,0.6109268751720389
1911,01_16_a0116133020000300045z,0.8333333333333334,0.3399779040404041,23.0,15.0,0.053646770559923035,0.5920411815503674
1912,01_16_a0116133020001200027z,0.5,0.7371941896024465,28.0,15.0,1.7332467333636736,0.842473149511345
1913,01_16_a0116133020001400022z,0.6666666666666666,0.5917128164556962,26.0,12.0,1.4159386982985271,0.8124527049098031
1914,01_16_a0116133020001400031z,0.8333333333333334,0.5870846518987342,23.0,9.0,1.0026509909394985,0.7930143452218097
1915,01_16_a0116133020001400043z,0.6666666666666666,0.3833507306889353,29.0,16.0,0.10944594382741958,0.6724420433071079
1916,01_16_a0116133050000100024A,0.5,0.7139692164179104,28.0,13.0,1.4158085982651936,0.9188372580831364
1917,01_16_a0116133050000100024B,0.6666666666666666,0.6269150417827298,30.0,14.0,1.4157808472841675,0.8769702279615127
1918,01_16_a0116133050000200026z,0.6666666666666666,0.6911023054755043,25.0,14.0,1.4164748141121242,0.926512100765045
1919,01_16_a0116133050000200033z,0.8333333333333334,0.628600909703504,26.0,13.0,0.07215786891736023,0.7256657434998446
1920,01_16_a0116133050000400033z,0.8333333333333334,0.4666138862332696,28.0,11.0,0.03444733406109201,0.653890508780616
1921,01_16_a0116133050001000032A,0.8333333333333334,0.6118486147757256,23.0,15.0,1.0015470358334884,0.8122751514761535
1922,01_16_a0116133050001100032A,0.8333333333333334,0.678116391184573,27.0,7.0,1.002945554639438,0.7620955063698005
1923,01_16_a0116133050001100032B,0.6666666666666666,0.5190253450106157,22.0,16.0,1.000616008392915,0.6796505898851981
1924,01_16_a0116133050001500023z,0.8333333333333334,0.7590018656716417,25.0,11.0,1.0037845051979917,0.846380692218219
1925,01_16_a0116133050001500031z,0.8333333333333334,0.5019222629796839,23.0,13.0,1.0014922191412303,0.7496654040038665
1926,01_16_a0116133050001500040z,0.6666666666666666,0.12014966740576495,36.0,19.0,0.06831180397500218,0.6267475409850641
1927,01_16_A0116133070000200025z,0.6666666666666666,0.6680475504322767,23.0,15.0,1.4161863149359586,0.915285188926151
1928,01_16_A0116133070000200031z,1.0,0.11539152298850575,20.0,8.0,0.06178197369051972,0.6746694983124959
1929,01_16_A0116133070000200041z,0.6666666666666666,0.4469661177105832,30.0,16.0,0.03277159166369702,0.5916695916002085
1930,01_16_a0116133070000300026z,0.6666666666666666,0.6186722912966252,26.0,16.0,1.4159093383421195,0.6647495573786409
1931,01_16_a0116133070000300033z,0.8333333333333334,0.19529385441527447,19.0,11.0,0.06793543954182837,0.6770659528134871
1932,01_16_A0116133070000300044z,0.6666666666666666,0.2279249768089054,26.0,18.0,0.02867438747871413,0.6339664877520484
1933,01_16_a0116133070000900024A,0.8333333333333334,0.6892918577981652,27.0,7.0,1.0046013850688524,0.8912752628894557
1934,01_16_a0116133070000900024B,0.6666666666666666,0.6173365122615804,26.0,15.0,1.4154821015884391,0.8260937969889744
1935,01_16_a0116133070002400024z,1.0,0.6959274781341108,17.0,8.0,0.0954588307107628,0.8677627853607456
1936,01_16_a0116133070002400033z,1.0,0.25015409270216965,19.0,12.0,0.08931370992734723,0.6868896365135191
1937,01_16_A0116133080000100031z,0.6666666666666666,0.5202586206896552,24.0,17.0,1.4150308467600978,0.7566048138444378
1938,01_16_A0116133080000100041z,0.5,0.2636025574112735,32.0,17.0,1.0009023775292356,0.6625526657340864
1939,01_16_a0116133080000200025z,0.5,0.7041666666666667,25.0,15.0,1.4204387694527318,1.051789974145633
1940,01_16_a0116133080000200032z,0.5,0.22897441275167785,27.0,18.0,1.4149225946279542,0.8221615051611991
1941,01_16_a0116133080000200044z,0.6666666666666666,0.6054587595907929,28.0,8.0,0.04380466402967309,0.7918783384184901
1942,01_16_A0116133080000300025z,0.16666666666666666,0.6919169611307421,41.0,28.0,1.7390306032349077,0.9930305947025062
1943,01_16_A0116133080000300034z,0.5,0.536790780141844,29.0,19.0,1.4145616013966833,0.7290090533317914
1944,01_16_A0116133080000500024A,0.6666666666666666,0.6867432336182336,26.0,12.0,1.415706983066375,0.8545118287315849
1945,01_16_A0116133080000500024B,0.16666666666666666,0.5701781326781327,40.0,24.0,2.002388291842468,0.7863005638577837
1946,01_16_A0116133080000500032z,0.8333333333333334,0.6481110724233984,31.0,13.0,0.08666049922066056,0.8215535409894617
1947,01_16_A0116133080000500042N,0.8333333333333334,0.3977297957371225,26.0,14.0,0.06514164613540342,0.6533082318392995
1948,01_16_A0116133080000500042S,0.8333333333333334,0.3484915987780041,25.0,15.0,0.06510936941020665,0.660937724664537
1949,01_16_a0116133080000800024z,0.8333333333333334,0.7024720149253731,38.0,18.0,0.07795523921547917,0.9361319203846006
1950,01_16_A0116133090000200032z,1.0,0.4362346986817326,26.0,12.0,0.04112933753970673,0.6986083012207255
1951,01_16_a0116133090001200024z,1.0,0.7467029816513762,17.0,8.0,0.10879331162137734,0.8588476155140673
1952,01_16_a0116133090001200032B,0.8333333333333334,0.2142447354211663,21.0,11.0,1.00087218339649,0.684942490767103
1953,01_16_a0116133090002100022z,0.5,0.3940331375838926,24.0,18.0,1.4148595761947906,0.6797801885386578
1954,01_16_a0116133090002100030A,1.0,0.15282816622691298,17.0,8.0,0.1024933883537991,0.6476831736239701
1955,01_16_a0116133090002100030B,0.6666666666666666,0.37475775193798455,33.0,15.0,0.0700437007509465,0.7169159420323789
1956,01_16_a0116133090002100031A,0.8333333333333334,0.2608110313315927,32.0,13.0,0.0997425264269648,0.6963255260430686
1957,01_16_a0116133090002600032z,0.8333333333333334,0.2538834951456311,28.0,14.0,0.05077958863532184,0.6389092635375645
1958,01_16_a0116133092000100025B,0.6666666666666666,0.3913743339253997,35.0,17.0,0.07352257578385947,0.810768453361275
1959,01_16_a0116133092000200025A,0.8333333333333334,0.26236830865603644,29.0,15.0,0.09078224465792888,0.6945533973408701
1960,01_16_a0116133093000500025B,0.6666666666666666,0.3626705955334988,32.0,19.0,0.14527338793483596,0.8293430907023733
1961,01_16_A0116133094000100033z,1.0,0.09862546992481204,18.0,8.0,0.07163890782559611,0.6579926553173447
1962,01_16_A0116133094000100034z,0.8333333333333334,0.3115037751677853,19.0,5.0,1.0003357156325563,0.6898511080817306
1963,01_16_A0116133094000100044a,0.6666666666666666,0.2699446544276458,28.0,18.0,0.03282880187124798,0.5706795668945275
1964,01_16_A0116133094000100044b,0.6666666666666666,0.2656402886497065,30.0,12.0,0.0382622933056522,0.6095556494394799
1965,01_16_a0116133100000100024z,0.5,0.6911023054755043,30.0,16.0,1.420668404897102,1.0156587530557826
1966,01_16_a0116133100000100028z,0.16666666666666666,0.6064373297002725,35.0,21.0,1.7358229906119704,0.8884237017287996
1967,01_16_a0116133100000200032z,1.0,0.6738112391930836,23.0,8.0,0.08052781437542357,0.7755389932649137
1968,01_16_a0116133100000200042z,0.8333333333333334,0.5240784368070953,30.0,13.0,0.04433893256501849,0.7124299708695575
1969,01_16_a0116133100000300026z,0.6666666666666666,0.6045971074380165,26.0,14.0,1.4182617200753171,0.9222623664872344
1970,01_16_a0116133100000300029A,0.5,0.6445844686648501,28.0,19.0,1.417823767614941,0.9235356013976688
1971,01_16_a0116133100000300031B,0.5,0.27713815789473684,27.0,19.0,1.4194930202943394,0.8117937845816191
1972,01_16_a0116133100000400021z,0.5,0.6911873156342183,32.0,14.0,1.7343762202302269,0.9271056801562964
1973,01_16_a0116133100000400023z,0.5,0.3550347222222222,30.0,12.0,1.7352873646224576,0.7534220935463299
1974,01_16_a0116133100000700028z,0.5,0.6852876106194691,30.0,16.0,1.420497438986944,1.0246483270005229
1975,01_16_a0116133100000700033z,0.5,0.5778508771929824,32.0,19.0,1.4178872733939634,0.894714401867298
1976,01_16_a0116133100001700032B,0.8333333333333334,0.4788367587601078,30.0,19.0,0.0962991854132645,0.8216550423531642
1977,01_16_a0116133110000100032z,0.6666666666666666,0.1415960451977401,23.0,13.0,1.4143940974685576,0.6555894820801664
1978,01_16_a0116133110000200024z,0.8333333333333334,0.495665548098434,25.0,13.0,1.0008505053619432,0.6656220405411776
1979,01_16_a0116133110000300024z,0.6666666666666666,0.616919525065963,25.0,12.0,1.4160694641570106,0.8847981783200491
1980,01_16_a0116133110000400029z,1.0,0.1960738109048724,22.0,8.0,0.08072733474979434,0.6679422699693763
1981,01_16_a0116133110000400031z,1.0,0.10545951536643028,18.0,8.0,0.07246456599884507,0.6360239127977442
1982,01_16_a0116133110000500032z,0.8333333333333334,0.1333994856887299,17.0,12.0,1.000543056418161,0.6519910005840016
1983,01_16_a0116133110000900024z,0.6666666666666666,0.6825142450142451,22.0,15.0,1.4174505280076242,0.9589635826035754
1984,01_16_a0116133110001100025z,0.5,0.7180970149253731,27.0,15.0,1.7330986987212031,0.9303328541469528
1985,01_16_a0116133110001900023z,0.6666666666666666,0.7388831193353474,28.0,14.0,1.4168002103607895,0.8583607564230468
1986,01_16_a0116133110001900033z,0.8333333333333334,0.6403169014084507,24.0,7.0,1.0018846596242603,0.7634168938154212
1987,01_16_a0116133110002100024z,0.3333333333333333,0.5395881670533643,38.0,24.0,1.7401585738641645,0.7443082350067034
1988,01_16_a0116133110002100034z,0.8333333333333334,0.6167133905013192,20.0,7.0,1.0025426954138499,0.7896987655344266
1989,01_16_a0116133110002200026z,0.5,0.6258239171374764,25.0,18.0,1.7324525689469534,0.7047234459108579
1990,01_16_a0116133110002300029z,0.5,0.6203153564899452,29.0,19.0,1.4147927301486949,0.8394998682608089
1991,01_16_a0116133110002300038z,1.0,0.3971560846560847,28.0,12.0,0.049833617173238184,0.6534422444911837
1992,01_16_a0116133110002400023z,0.6666666666666666,0.5863833746898263,27.0,15.0,1.4160160122246692,0.8184861311285289
1993,01_16_a0116133110002400033z,0.6666666666666666,0.7102360681114551,27.0,13.0,1.0044476862201186,0.7997792031833406
1994,01_16_a0116133110002400043z,0.3333333333333333,0.3760071362799263,42.0,23.0,1.004968378999506,0.6630230479825269
1995,01_16_a0116133110003000028z,0.6666666666666666,0.41076048474945537,22.0,14.0,1.001870366587029,0.7075001410657963
1996,01_16_a0116133110003000033A,0.8333333333333334,0.35428277600849256,26.0,12.0,1.0051443052379363,0.6617602735538611
1997,01_16_a0116133110003000033B,0.8333333333333334,0.6582708333333334,24.0,7.0,1.0025402213995271,0.7818718993731275
1998,01_16_a0116133110003500026z,0.5,0.7409055727554179,29.0,15.0,1.733269341864539,0.9547251008954759
1999,01_16_a0116133110003700031z,0.8333333333333334,0.5281390765765765,28.0,13.0,1.0029346298288009,0.7658947445787349
2000,01_16_a0116133110003700038z,0.5,0.2744086270871985,25.0,11.0,1.0006776994773574,0.6727674899985143
2001,01_16_a0116133110003900023z,0.6666666666666666,0.7037399781341108,26.0,12.0,1.4172649184072972,0.8886008868990405
2002,01_16_a0116133110003900032A,1.0,0.5811784029649596,22.0,13.0,0.06452542073266215,0.8001283386951403
2003,01_16_a0116133110003900032B,0.8333333333333334,0.6436643276762402,24.0,7.0,1.001966075665238,0.7587198996528398
2004,01_16_a0116133110004100032z,0.8333333333333334,0.5618523316062176,18.0,11.0,1.00152465069427,0.7891532709039271
2005,01_16_a0116133110004100038z,0.5,0.30684927758318736,30.0,20.0,1.001240901665812,0.6114322115419992
2006,01_16_a0116133110004100042z,0.5,0.31571444543828264,30.0,19.0,1.0011906931903356,0.6204762188985342
2007,01_16_a0116133110004200032z,0.6666666666666666,0.3671875,28.0,16.0,0.13410201597047036,0.6592569438765715
2008,01_16_a0116133110004400030A,1.0,0.6693999655647382,21.0,10.0,0.0706342806113366,0.7573126880736754
2009,01_16_a0116133120000300024z,0.6666666666666666,0.6795749279538905,22.0,15.0,1.4173135693042127,0.9509143778459312
2010,01_17_a0117136030000400032z,1.0,0.6672095070422536,24.0,10.0,0.0994586146903772,0.7931221907649367
2011,01_17_a0117136030000400039z,1.0,0.35104389721627405,14.0,8.0,0.04213367651742062,0.6072775038195679
2012,01_17_a0117136030000400043z,0.5,0.4609680772994129,29.0,17.0,1.0003259057403573,0.5700799458856778
2013,01_17_a0117136040000200026z,0.5,0.7295634920634921,28.0,14.0,1.4175883939154066,0.9457177435756546
2014,01_17_a0117136040000200032z,0.8333333333333334,0.49666628014842296,26.0,13.0,0.049458591124153295,0.7064882125462452
2015,01_17_a0117136040000200043z,0.5,0.3857180977229602,42.0,22.0,0.08279777150315629,0.6428234967473178
2016,01_17_a0117136060000100033A,0.6666666666666666,0.3273396164021164,29.0,17.0,1.4153549975782076,0.8163313874378386
2017,01_17_a0117136060000300023z,0.5,0.7719051446945338,28.0,14.0,1.417162435110377,0.9233468643325794
2018,01_17_a0117136060000800033z,0.6666666666666666,0.3470635283363803,30.0,14.0,1.0006105039585071,0.6593328045858108
2019,01_17_a0117136060000800034z,0.8333333333333334,0.2510764613778705,14.0,11.0,1.0008166068665412,0.5946794537828733
2020,01_17_a0117136060000800045z,0.8333333333333334,0.4584993131868131,30.0,15.0,0.09198718920862343,0.6247379631126021
2021,01_17_A0117136060001000024z,0.3333333333333333,0.7900423728813559,33.0,19.0,2.0024026087251396,0.9054983256661948
2022,01_17_A0117136060001100027z,0.5,0.6793879056047197,28.0,15.0,1.7340095225666228,0.8340337772355909
2023,01_17_A0117136060001300022z,0.6666666666666666,0.4049739110707804,28.0,14.0,1.415233357082574,0.7374310622730375
2024,01_17_A0117136060001300031z,0.6666666666666666,0.2993554265658748,22.0,8.0,1.4145805256651849,0.5937147675776249
2025,01_17_A0117136060001300040z,0.6666666666666666,0.4063270463510848,33.0,24.0,0.11082030124029052,0.6300367311148525
2026,01_17_a0117136060001800025z,0.8333333333333334,0.31316827902240324,22.0,7.0,0.06336212156641874,0.5944878485393987
2027,01_17_a0117136060002000031B,0.8333333333333334,0.4796426240208878,24.0,14.0,1.0052706282389567,0.8684384774655738
2028,01_17_a0117136060002000033z,0.6666666666666666,0.29132093147751603,25.0,14.0,1.0029453965461668,0.6799596398294063
2029,01_17_a0117136060002400031A,1.0,0.36180921052631576,21.0,10.0,0.1181208952345013,0.7138677228323957
2030,01_17_a0117136060002400040z,0.6666666666666666,0.4103488658777121,32.0,17.0,0.12728759276832888,0.6499058087116169
2031,01_17_a0117136060002500032A,0.8333333333333334,0.4203771786492375,28.0,15.0,0.09416801217307644,0.8041989395792706
2032,01_17_a0117136060003000033A,0.6666666666666666,0.15039488017429192,39.0,21.0,1.0009636549692238,0.8997656064342058
2033,01_17_a0117136060003000033B,0.6666666666666666,0.5991958469055375,34.0,11.0,1.0031820481189118,0.9488881357191209
2034,01_17_a0117136060003000052z,0.5,0.3241907816229117,63.0,29.0,0.08812467169169598,0.940062998997597
2035,01_17_a0117136070000200030z,0.5,0.4799628450106157,28.0,23.0,1.4151039644085788,0.7773979198066924
2036,01_17_a0117136070000200056z,0.5,0.349290780141844,47.0,29.0,0.13922565894171654,0.7704147055676299
2037,01_17_a0117136070000700024z,0.8333333333333334,0.33248095372460496,22.0,13.0,0.06542938020645091,0.7912566283689975
2038,01_17_a0117136070000700042z,0.8333333333333334,0.1899553571428572,25.0,15.0,0.10937195840238692,0.7051675209175191
2039,01_17_a0117136080000200023B,0.5,0.6369609164420486,31.0,15.0,1.7339392456311304,0.8866722435546379
2040,01_17_a0117136080000200032A,0.8333333333333334,0.2921904648956357,17.0,11.0,1.001072734118515,0.693904488908134
2041,01_17_a0117136080000200032B,0.8333333333333334,0.605163409703504,23.0,13.0,1.0018186078951328,0.8029199585701245
2042,01_17_A0117136090000400024b,0.6666666666666666,0.6491991643454039,28.0,16.0,1.415915363410672,0.8765530630202973
2043,01_17_a0117136090000400033z,1.0,0.6872004056047197,22.0,10.0,0.07992547496760959,0.8049130170465361
2044,01_17_a0117136090000400043z,0.5,0.319867765654649,29.0,16.0,1.0007023355317468,0.580304931514584
2045,01_17_a0117136090001200026z,0.5,0.5149487471526196,31.0,15.0,1.7330398884934233,0.6266378819546241
2046,01_17_a0117136090002800033z,0.8333333333333334,0.2362512939958592,34.0,13.0,0.049641982424166384,0.671802760222948
2047,01_17_a0117136100000400025z,0.6666666666666666,0.7161377708978328,28.0,14.0,1.4173752599870977,0.92541002050802
2048,01_17_a0117136100000400033A,1.0,0.5008663957934991,26.0,12.0,0.04793046024523857,0.7134237252461043
2049,01_17_a0117136100001200024z,0.5,0.6569817493112947,25.0,16.0,1.4162729333004431,0.8438278231110174
2050,01_17_a0117136100001300036z,0.6666666666666666,0.3050643552875696,24.0,16.0,1.0026129470144771,0.7430119046875071
2051,01_17_a0117136100001400026z,0.6666666666666666,0.7057215743440233,26.0,14.0,1.4178553633093407,0.8704951852835817
2052,01_17_a0117136100001400034z,0.8333333333333334,0.3944149518388792,32.0,15.0,0.06560306047824488,0.7066172867218373
2053,01_17_a0117136100001400042z,0.6666666666666666,0.4131730313092979,28.0,16.0,0.03438897125486442,0.5945962626198678
2054,01_17_a0117136100001500046c,0.8333333333333334,0.3859793260038241,23.0,13.0,0.027457741309734114,0.6635972524542649
2055,01_17_a0117136100002300024z,0.5,0.5828634085213033,27.0,15.0,1.7338181007765685,0.8554907519626189
2056,01_17_a0117136100002300025z,0.5,0.6523760330578512,26.0,12.0,1.7336882218335288,0.8532463230123749
2057,01_17_a0117136100002300042a,0.6666666666666666,0.5168461923847696,27.0,15.0,1.0007622792854247,0.5900862236267391
2058,01_17_a0117136100003500024A,0.8333333333333334,0.34573412698412703,24.0,11.0,1.000817291088324,0.7158813343552428
2059,01_17_a0117136100003500032z,1.0,0.15820741758241766,21.0,14.0,0.0643434889604004,0.6683827201056974
2060,01_17_a0117136100003500041z,0.6666666666666666,0.4945994127516778,35.0,15.0,0.06922096836457628,0.6829316973853394
2061,01_17_a0117136100003600032A,0.8333333333333334,0.2123247663551402,23.0,11.0,0.06956056890738034,0.6909958457158775
2062,01_17_a0117136100003700031z,0.8333333333333334,0.6654202279202279,24.0,9.0,1.0029420116769108,0.7790119557479394
2063,01_17_a0117136100003700043z,0.5,0.5375059297912713,31.0,12.0,1.000163377660783,0.6084486193238816
2064,01_17_a0117136100004000034z,0.8333333333333334,0.2846503450106157,29.0,13.0,0.06253451779355215,0.7911426547921776
2065,01_17_a0117136100005100022z,0.6666666666666666,0.7044827279202279,25.0,12.0,1.4164619595743893,0.8838554653220125
2066,01_17_a0117136100005100026z,0.6666666666666666,0.2096051356589147,25.0,13.0,1.4161566556419964,0.7524603587631155
2067,01_17_a0117136100005100032A,0.8333333333333334,0.40625,23.0,10.0,1.001951253425629,0.7161158892858458
2068,01_17_a0117136100005100032B,0.8333333333333334,0.15625,26.0,12.0,1.003937607609438,0.6826127568387124
2069,01_17_a0117136100005100034z,0.6666666666666666,0.1492424242424243,25.0,11.0,1.0072757849517735,0.641622679949692
2070,01_17_a0117136100005100047z,0.5,0.3927383592017738,39.0,20.0,1.0019917301872772,0.7913728255561683
2071,01_17_a0117136100005500023z,0.5,0.7176111516034985,32.0,18.0,1.4158937761410348,0.8466579196906584
2072,01_17_a0117136100005500032z,0.8333333333333334,0.2696983197556008,29.0,11.0,0.04616303099947314,0.7041425678538363
2073,01_17_a0117136100005700032A,1.0,0.269723865877712,23.0,12.0,0.08971125483977979,0.7168234128081942
2074,01_17_a0117136100006600032A,0.8333333333333334,0.4616677689594356,24.0,14.0,1.0020366715959876,0.7576147015428277
2075,01_17_a0117136100006600033z,0.8333333333333334,0.3849654227557411,17.0,7.0,1.002851746556606,0.7007160545327872
2076,01_17_a0117136100006600035A,1.0,0.3713990480961924,13.0,4.0,0.06999489659247839,0.6533453551183189
2077,01_17_a0117136100007200031z,1.0,0.3686555075593953,19.0,8.0,0.10712507833214986,0.7482249771364654
2078,01_17_a0117136100007200032z,1.0,0.3957076149425287,19.0,8.0,0.093341271866244,0.6874918863175266
2079,01_17_a0117136100007200033z,1.0,0.3569901315789474,14.0,10.0,0.0935883977366386,0.7050897908883643
2080,01_17_a0117136100007200050z,0.6666666666666666,0.4022730943152455,37.0,19.0,0.05879658359112117,0.8123089272802565
2081,01_17_a0117136100007300023A,0.6666666666666666,0.2892196069469836,27.0,16.0,1.0005215824941385,0.6817929297654058
2082,01_17_a0117136100007400034z,0.6666666666666666,0.40422516198704106,25.0,12.0,1.4261110865824165,0.8987651410967741
2083,01_17_a0117136101000100022z,0.3333333333333333,0.7204581993569131,31.0,19.0,1.7355484151626857,1.0021074210335053
2084,01_17_a0117136101000100024z,0.6666666666666666,0.7168650793650794,28.0,14.0,1.4170325937261303,0.9145492539967288
2085,01_17_a0117136110000300024z,0.8333333333333334,0.5666989664082688,27.0,7.0,1.0030537758498714,0.7783087671196304
2086,01_17_a0117136110000300043z,0.8333333333333334,0.3055524047186933,30.0,13.0,0.10644225705523873,0.7059125489038911
2087,01_17_a0117136110000700030z,0.6666666666666666,0.4415080160320641,28.0,14.0,1.4145341482405027,0.6338009429215583
2088,01_17_a0117136110001600024B,0.6666666666666666,0.5953958333333333,28.0,12.0,1.0070068749747676,1.0029079012479862
2089,01_17_a0117136110001600024C,0.6666666666666666,0.7121082492795389,37.0,15.0,0.09399179365441787,0.9078841214435729
2090,01_17_a0117136110001600038z,0.8333333333333334,0.4245758410672854,24.0,13.0,0.09808276576905604,0.7362022989344955
2091,01_17_a0117136110001600043z,0.3333333333333333,0.3462971411192214,41.0,25.0,1.0024626171437303,0.8222057208351361
2092,01_17_a0117136110002100023A,0.8333333333333334,0.4717817164179105,30.0,12.0,0.09752950893999053,0.8045075634591264
2093,01_17_a0117136110002100023B,0.8333333333333334,0.4764227415026834,27.0,15.0,0.09906023890675444,0.7682882252092333
2094,01_17_a0117136110002100023C,0.8333333333333334,0.6098237597911227,24.0,13.0,1.0080845767986242,0.8996302451137698
2095,01_17_a0117136110002100033z,0.6666666666666666,0.3067464953271028,29.0,10.0,1.0007871043314498,0.6632112277733611
2096,01_17_a0117136110002100041z,0.6666666666666666,0.4235981308411215,34.0,21.0,0.06467070972166565,0.6625431408371218
2097,01_17_a0117136110002100050z,0.5,0.4069182790224033,37.0,20.0,0.0734456866928328,0.6740227623299067
2098,01_17_a0117136110002400024z,1.0,0.267686345646438,19.0,8.0,0.11952637198973105,0.7844210514235105
2099,01_17_a0117136110002400033z,0.6666666666666666,0.2677816499085923,30.0,14.0,1.0020234405834525,0.6932646326107518
2100,01_17_a0117136110002400041z,0.6666666666666666,0.4547396920668058,39.0,24.0,0.07356571132900364,0.7124361327627364
2101,01_17_a0117136110002700023z,0.6666666666666666,0.3899018829401089,26.0,16.0,1.0037147493163538,0.7802709298489151
2102,01_17_a0117136110002700031z,0.8333333333333334,0.6124284029649596,24.0,11.0,1.0019512591991933,0.7691589251038689
2103,01_17_a0117136110002700040z,0.6666666666666666,0.4062652886497065,39.0,16.0,0.0745940508366181,0.6388682596984698
2104,01_17_a0117136110003300033a,0.5,0.3596762048192771,39.0,18.0,0.07138887185538853,0.7477369823266764
2105,01_17_a0117136110003300033B,0.6666666666666666,0.3600161987041036,32.0,18.0,0.05809068064914667,0.7267376106840375
2106,01_17_a0117136110003300034z,0.8333333333333334,0.30437138728323704,29.0,18.0,0.08367365581077542,0.7429450505652573
2107,01_17_a0117136120000400026A,0.5,0.6768162393162394,31.0,15.0,1.73329236985858,0.9321461843594764
2108,01_17_a0117136120000400026B,0.5,0.7594814241486069,26.0,14.0,1.7341654785417309,0.9316699693171564
2109,01_17_a0117136120000400033A,1.0,0.08523056844547561,20.0,8.0,0.05470385872146862,0.6253861304847734
2110,01_17_a0117136120000400033B,1.0,0.08785976297968401,20.0,8.0,0.05091145724272428,0.6227829259457272
2111,01_17_a0117136120000500024z,0.8333333333333334,0.4067641985138004,20.0,9.0,1.0022053027655538,0.7409270744476547
2112,01_17_a0117136120000500032z,0.6666666666666666,0.15638978628230615,24.0,14.0,1.0007015770982404,0.6223209643298601
2113,01_17_a0117136120000500043z,0.8333333333333334,0.2541001773049646,27.0,19.0,0.1452564899462324,0.7391851167620812
2114,01_17_a0117136130000100025z,0.6666666666666666,0.671483286908078,28.0,11.0,1.4158309805819729,0.8089223036664134
2115,01_17_a0117136130000300025z,0.6666666666666666,0.6684859154929578,28.0,11.0,1.4156711708388818,0.8040000225062197
2116,01_17_a0117136130000700024z,0.8333333333333334,0.6445844686648501,26.0,9.0,1.0035808926770702,0.7622463978459595
2117,01_17_a0117136130000700033A,0.8333333333333334,0.3481627747252747,21.0,11.0,1.0004669843440708,0.5958049763342581
2118,01_17_a0117136130000700033B,0.5,0.4404983108108108,27.0,16.0,1.4147553031124953,0.7800234590155133
2119,01_17_a0117136130000700033C,0.8333333333333334,0.3824548192771085,21.0,11.0,1.0005681679079086,0.7145277682123049
2120,01_17_a0117136130000700033z,0.8333333333333334,0.6436596074380165,27.0,7.0,1.0025124451781615,0.7660041836887828
2121,01_17_a0117136130001300032z,0.8333333333333334,0.22684807441253266,24.0,9.0,1.003976197922744,0.6945051758445098
2122,01_17_a0117136130001600032A,0.6666666666666666,0.2695697731755424,42.0,19.0,1.0036478491631868,0.7419658343794353
2123,01_17_a0117136130001600032B,0.6666666666666666,0.2734375,42.0,19.0,1.0029946561134688,0.7393267100647584
2124,01_17_a0117136130002400034C,0.6666666666666666,0.3158072354211663,24.0,15.0,1.4152890383552414,0.7170007012979823
2125,01_17_a0117136150000300024z,0.5,0.7057215743440233,38.0,19.0,1.4182281262546006,0.9572921842537696
2126,01_17_a0117136150000300043z,0.5,0.3889456775700935,42.0,22.0,0.07969985609884049,0.645208761972088
2127,01_18_a0118138040000400025z,0.6666666666666666,0.6680475504322767,24.0,14.0,1.4156262687455463,0.9259590404797188
2128,01_18_a0118138040000400033z,1.0,0.649696828358209,25.0,8.0,0.07578609054338398,0.7495760529195183
2129,01_18_A0118138040000700025z,0.3333333333333333,0.7029867256637168,32.0,26.0,1.7362201816649698,0.9466364477578444
2130,01_18_A0118138040000700030z,0.8333333333333334,0.2512865453460621,26.0,13.0,1.0007848852483845,0.6588481345442552
2131,01_18_a0118138040000800025f,0.6666666666666666,0.7086353840125392,28.0,17.0,1.004803247164035,0.8427113456752222
2132,01_18_a0118138040000800033a,1.0,0.12879247572815533,20.0,12.0,0.047244152588236735,0.6500210458884855
2133,01_18_a0118138040000800033c,1.0,0.21747858672376874,20.0,10.0,0.052242056937067134,0.7539253514237115
2134,01_18_A0118138040000900037z,0.6666666666666666,0.19860692771084346,28.0,19.0,1.005436770453093,0.7090654476558674
2135,01_18_A0118138040001800025z,0.5,0.7384404388714734,27.0,15.0,1.7341869983918707,0.9513386320572594
2136,01_18_A0118138040001900026z,0.5,0.7232142857142857,31.0,15.0,1.7328507525685302,0.9251741199118968
2137,01_18_a0118138040002400025z,0.6666666666666666,0.7154456193353474,22.0,16.0,1.4166405495986476,0.944717348722568
2138,01_18_a0118138040002400032z,0.8333333333333334,0.6867432336182336,26.0,10.0,1.0033238979683885,0.8883444946819705
2139,01_18_A0118138040002700032z,0.8333333333333334,0.4556054265658748,33.0,16.0,0.07252232541707812,0.7720853892305886
2140,01_18_A0118138040002700045A,0.6666666666666666,0.5257049802110818,36.0,19.0,0.1127976822446393,0.8084795948091024
2141,01_18_A0118138040002800032A,0.8333333333333334,0.27423960472279263,22.0,7.0,1.00281419720303,0.6417926625184599
2142,01_18_a0118138110000400025z,0.6666666666666666,0.7563231605351171,30.0,14.0,1.416463439269955,0.9732993241085569
2143,01_18_A0118138110000700034z,1.0,0.2981458333333333,25.0,8.0,0.09394804827775427,0.722416613863654
2144,01_18_A0118138110000800025z,0.5,0.6795749279538905,29.0,19.0,1.7341514119159651,0.8651587535111359
2145,01_18_A0118138110000900037z,0.6666666666666666,0.4062652886497065,27.0,15.0,1.0006377085710774,0.5859175063201363
2146,01_18_A0118138110000900047z,0.8333333333333334,0.4299994328493648,29.0,16.0,0.08642090905969017,0.645659995179718
2147,01_18_A0118138110001200017z,0.3333333333333333,1.01758658008658,33.0,21.0,2.0156849401389736,1.2346014607333946
2148,01_18_A0118138110001200021z,0.3333333333333333,0.7154456193353474,36.0,20.0,2.001614816025588,0.9401636419437402
2149,01_18_A0118138110001200025z,0.5,0.6968659942363112,29.0,15.0,1.7336147435244544,0.9226390856934796
2150,01_18_A0118138110001300017z,0.3333333333333333,1.0502659574468085,33.0,21.0,2.0158920441968338,1.2648339482234814
2151,01_18_A0118138110001300021z,0.3333333333333333,0.7310779816513762,36.0,20.0,2.0016562819172203,0.948225064724082
2152,01_18_A0118138110001300025z,0.5,0.7180970149253731,29.0,15.0,1.7342615130078518,0.9515100030409368
2153,01_18_A0118138110002100031z,0.8333333333333334,0.26053277600849256,27.0,15.0,0.08129494457532235,0.6851349959805725
2154,01_18_a0118138120001000032z,1.0,0.5795583010335917,22.0,11.0,0.05268756556710781,0.7877156568889766
2155,01_18_A0118138130000100031z,0.8333333333333334,0.4255764563106796,23.0,11.0,1.0007062950648715,0.6491430243185511
2156,01_18_a0118138130000200026z,0.5,0.7029867256637168,29.0,18.0,1.4195421935422627,1.0849888621984805
2157,01_18_A0118138130000200045z,0.5,0.4580185439560439,37.0,12.0,0.0907544180689437,0.6845048889977291
2158,01_18_A0118138130000400028z,0.6666666666666666,0.4057543429003021,24.0,15.0,1.4181889325029209,0.7997621883171679
2159,01_18_A0118138130000400032z,0.6666666666666666,0.2895833333333333,26.0,11.0,1.0019474446678411,0.7174960997896584
2160,01_18_A0118138130000600048z,0.5,0.5097347629796839,46.0,17.0,0.11046423653189012,0.7366231448458574
2161,01_18_a0118138130000800030z,0.8333333333333334,0.5770307410423453,24.0,14.0,1.00154828266131,0.9164607505457876
2162,01_18_a0118138130000800042z,0.8333333333333334,0.15925250956022946,25.0,11.0,0.043240183391239716,0.5964302595599086
2163,01_18_A0118138130000900019z,0.3333333333333333,0.9019194756554308,29.0,15.0,1.743329718810566,1.136556677941715
2164,01_18_A0118138130000900021z,0.6666666666666666,0.6795749279538905,23.0,11.0,1.4254328257919269,0.9328522797849516
2165,01_18_A0118138130000900025z,0.16666666666666666,0.6911023054755043,35.0,28.0,1.73561715781812,0.9257291002949144
2166,01_18_A0118138130000900032z,0.8333333333333334,0.2290189125295509,21.0,7.0,1.002757405246331,0.7321504002335955
2167,01_18_a0118138130001000025B,0.5,0.5993798955613577,32.0,19.0,1.7338310100609822,0.845461005428813
2168,01_18_a0118138130001400031A,0.6666666666666666,0.2496713671128107,24.0,14.0,1.0009454922632322,0.6341204041307932
2169,01_18_a0118138130001400031B,0.6666666666666666,0.3732045807453416,24.0,11.0,1.0009462167198069,0.7239249286996315
2170,01_18_a0118138130001400031C,1.0,0.2423272862823061,20.0,10.0,0.08879719043506154,0.6844817279536051
2171,01_18_A0118138130001600032z,0.8333333333333334,0.2672396920668059,24.0,12.0,1.0036221277576196,0.6986955096855362
2172,01_18_A0118138130001700052z,0.6666666666666666,0.5138350741239892,33.0,20.0,0.0959171493601613,0.8002586660922959
2173,01_18_a0118138130002000033B,1.0,0.3847487391930836,18.0,8.0,0.12658266900241522,0.7094968917702125
2174,01_18_a0118138130002000033C,0.8333333333333334,0.6659007352941176,21.0,11.0,1.022079306266838,0.9763051111155788
2175,01_18_a0118138150000100031z,0.8333333333333334,0.4336625489236791,21.0,11.0,1.0002618442894595,0.6323203532033718
2176,01_18_a0118138150000100045z,0.8333333333333334,0.3325377747252747,22.0,7.0,0.03783865647806284,0.5572971367849346
2177,01_18_a0118138150000100055z,0.6666666666666666,0.3053284368070953,42.0,25.0,0.04883142610521066,0.5908266665049502
2178,01_18_a0118138150000400034z,0.6666666666666666,0.5314031862745098,23.0,14.0,1.0008025533869993,0.7136076460843341
2179,01_18_a0118138150000500033z,1.0,0.4329301663747811,26.0,13.0,0.05174584711222804,0.6774973911397916
2180,01_18_a0118138150001500025z,0.8333333333333334,0.6380571030640668,24.0,10.0,1.0020504205278085,0.8882197942188441
2181,01_18_a0118138150001500029z,0.8333333333333334,0.5909526854219949,26.0,10.0,1.0034749600894028,0.8717408742865022
2182,01_18_a0118138150001500030z,0.8333333333333334,0.5843354430379747,26.0,10.0,1.0021652613979883,0.8606058200404968
2183,01_18_a0118138150001600015z,0.3333333333333333,0.8403268551236749,43.0,25.0,2.0094252990646804,1.1827953117189474
2184,01_18_a0118138150001600023z,0.3333333333333333,0.3582080696202532,31.0,20.0,2.002890982530966,0.8215536963859057
2185,01_18_A0118138150002400043z,0.6666666666666666,0.40887568870523416,30.0,13.0,0.1317986017449502,0.7463755284929899
2186,01_18_a0118138150003100035A,0.8333333333333334,0.4485632183908046,20.0,9.0,1.000589204602358,0.6873602753919089
2187,01_18_A0118138151000200034z,0.6666666666666666,0.5339508410672854,23.0,14.0,1.001259457050142,0.7210780006962941
2188,01_18_a0118138151000200043z,0.6666666666666666,0.5533636634844868,30.0,25.0,0.06973132851441649,0.7985209915628433
2189,01_18_A0118138151000200047z,0.6666666666666666,0.5950208333333333,25.0,14.0,1.0016317577416292,0.7674084079341474
2190,01_18_A0118138151000200051z,0.6666666666666666,0.441890666226913,29.0,12.0,1.00163362725669,0.6826138190413122
2191,01_18_A0118138160000400035n,0.8333333333333334,0.32282442098092645,29.0,11.0,0.0906943127739374,0.7430115750994942
2192,01_18_A0118138160000400035s,0.8333333333333334,0.15457454819277106,24.0,11.0,0.0858772023795954,0.6995403918719867
2193,01_18_A0118138160000500043z,0.6666666666666666,0.3438898210290827,36.0,15.0,0.103806920996731,0.492557113037956
2194,01_18_A0118138160000500053z,0.5,0.1555430684454756,64.0,25.0,0.11415381875080265,0.6729628870495714
2195,01_18_A0118138160000600021z,0.16666666666666666,0.7269011222910217,39.0,28.0,1.7358783548030836,0.9738253156752608
2196,01_18_A0118138160000600025z,0.16666666666666666,0.7069736356932154,43.0,28.0,1.7353446103560115,0.9811176650460486
2197,01_18_A0118138160000600027z,0.5,0.705862915407855,21.0,16.0,1.4166576700910658,0.9145250913136448
2198,01_18_A0118138160000600031z,0.6666666666666666,0.1209039322250639,27.0,15.0,1.4174441513833889,0.6863493575230917
2199,01_18_A0118138160000900029z,0.8333333333333334,0.698357250755287,27.0,13.0,1.002919276499925,0.8092392079375178
2200,01_18_A0118138160001200031z,0.6666666666666666,0.14992559523809526,29.0,15.0,1.4153450702544654,0.6979813865629662
2201,01_18_A0118138160001200048a,0.6666666666666666,0.3011946544276458,25.0,17.0,0.03685050311803132,0.5661361348521831
2202,01_18_A0118138160001200055z,0.5,0.4845148210290827,42.0,23.0,0.04750336804308107,0.7449609666788167
2203,01_18_A0118138160001400023z,0.6666666666666666,0.6401666666666667,22.0,9.0,1.4181056403513346,0.9214680588409896
2204,01_18_A0118138160001400025z,0.5,0.5472852028639618,30.0,16.0,1.4195935466133198,0.8716634963108414
2205,01_18_A0118138160001400034z,0.5,0.610687177002584,24.0,13.0,1.4151212289698485,0.8336222488160909
2206,01_18_a0118138160001500033z,0.8333333333333334,0.3238288091068301,22.0,14.0,1.0009383787060675,0.6828302037260413
2207,01_18_A0118138160001600036z,0.8333333333333334,0.602874677002584,26.0,10.0,1.0044841245900844,0.8063308379777394
2208,01_18_A0118138160001900046z,0.3333333333333333,0.29678398058252425,36.0,20.0,1.0004257894160993,0.6534349865880338
2209,01_18_A0118138160001900056z,0.6666666666666666,0.31355528322440085,36.0,22.0,0.09040735624436842,0.6925182270863154
2210,01_18_A0118138160002200019z,0.3333333333333333,0.7321708463949843,25.0,19.0,1.7398138317679257,0.9417656879988944
2211,01_18_A0118138160002200024z,0.16666666666666666,0.6970870206489675,29.0,22.0,1.73619641699848,0.8492310602107785
2212,01_18_A0118138160002200039z,0.6666666666666666,0.4030561122244489,36.0,11.0,0.03415448981005763,0.6894118242278388
2213,01_18_A0118138160002700028z,0.6666666666666666,0.6166044776119403,26.0,12.0,1.4172383824517918,0.8961283277868991
2214,01_18_A0118138160002700038z,1.0,0.6138085399449036,20.0,8.0,0.06889616444416476,0.7356646788779584
2215,01_18_A0118138160003100024z,0.6666666666666666,0.7438956993569131,29.0,14.0,1.0052245725649238,0.8627042292269312
2216,01_18_A0118138160003100032z,0.6666666666666666,0.6418958333333333,32.0,10.0,1.0020652655664646,0.7597604531709411
2217,01_18_a0118138160003200037z,0.8333333333333334,0.5263238232682059,26.0,11.0,1.000894111852979,0.7045876708322651
2218,01_18_A0118138160003500070a,0.6666666666666666,0.4254222972972973,42.0,26.0,0.11942807613102326,0.7058167865468891
2219,01_18_a0118138160003700034z,0.6666666666666666,0.2695541829745597,32.0,17.0,1.0008326850766922,0.7017434622848899
2220,01_18_a0118138160003700044z,0.6666666666666666,0.3444993339253997,41.0,20.0,0.0538183731012778,0.7351671050125446
2221,01_18_A0118138160003900011z,0.3333333333333333,0.9889403292181068,48.0,28.0,2.0109390281528845,1.337084671003021
2222,01_18_A0118138160003900014z ,0.3333333333333333,1.245381773399015,45.0,25.0,2.004491870700818,1.345466265716628
2223,01_18_A0118138160004100049z,0.6666666666666666,0.4399804265658748,26.0,15.0,1.0026533325740092,0.7881777712206118
2224,01_18_a0118138160004500017B,0.3333333333333333,1.2104468599033815,45.0,25.0,2.0093704403896604,1.3813750806197325
2225,01_18_A0118138160005500032A,0.6666666666666666,0.2939888535031847,24.0,13.0,1.4201099426243748,0.5942249826479827
2226,01_18_A0118138160005700044z,0.8333333333333334,0.40780442506459946,28.0,20.0,0.23981566492579656,0.7324166960523386
2227,01_18_A0118138160005800044z,0.5,0.4121041666666667,32.0,22.0,1.0158874905486244,0.7590790902323695
2228,01_18_a0118138160005900043B,0.5,0.4316025417827298,35.0,22.0,1.0266624349560558,0.8542699378106817
2229,01_18_a0118138160006300031A,0.8333333333333334,0.397491518789144,21.0,5.0,1.0007163469682163,0.697838278542683
2230,01_18_A0118138170000200059z,0.3333333333333333,0.6169133771929824,51.0,25.0,0.1312731503290388,0.7674491756179811
2231,01_18_A0118138170000400039z,0.6666666666666666,0.4138768898488121,35.0,14.0,0.03154112238061016,0.6894826722437709
2232,01_18_A0118138170000400045z,0.8333333333333334,0.42638548474945537,27.0,7.0,0.03184809161659554,0.6792220612377067
2233,01_18_A0118138170001200033z,0.8333333333333334,0.5808499536178108,26.0,11.0,1.001682111250262,0.7501441489264619
2234,01_18_A0118138170001200036z,0.8333333333333334,0.4463141025641026,26.0,11.0,1.0019893846889278,0.6703592278933383
2235,01_18_A0118138170001200043z,0.3333333333333333,0.18783413951120165,26.0,17.0,1.000604863653904,0.5851223424943744
2236,01_18_A0118138170001200049z,0.8333333333333334,0.3011837121212121,23.0,16.0,0.057363287743489075,0.6733999664462439
2237,01_18_A0118138170001200057z,0.8333333333333334,0.38774006064690025,24.0,17.0,0.10063263182742016,0.7435496758940043
2238,01_18_A0118138170001300022z,0.5,0.5173226164079823,31.0,15.0,1.7339120479529355,0.6646051812707521
2239,01_18_A0118138170001300032C,0.6666666666666666,0.2587506469979296,23.0,14.0,1.0007799025853383,0.6134278144788773
2240,01_18_A0118138170002300066z,0.5,0.2505382306889353,41.0,21.0,0.119751078236479,0.7290188951082932
2241,01_18_A0118138170002700034B,0.8333333333333334,0.8355194397993311,26.0,14.0,1.011606980247108,0.9300787061254177
2242,01_18_A0118138170002700034D,1.0,0.4258317183462532,20.0,12.0,0.14440988214254005,0.8168431849890554
2243,01_18_A0118138190000300050z,0.6666666666666666,0.2391439205955335,34.0,14.0,0.07164573275832407,0.7730729300612649
2244,01_18_A0118138190000400049z,0.8333333333333334,0.4424955595026643,25.0,9.0,0.11897287551214855,0.8107348527383789
2245,01_18_A0118138190000400051z,0.8333333333333334,0.3259013282732448,23.0,13.0,1.001181058121355,0.6971271734033959
2246,01_18_A0118138200000100043z,0.6666666666666666,0.38553277600849256,22.0,14.0,1.0005466292982774,0.6153297559654649
2247,01_18_A0118138200000100049z,0.3333333333333333,0.2773209951456311,46.0,21.0,1.0048285638315195,0.7015465601294066
2248,01_18_A0118138200000100056z,0.3333333333333333,0.3367424242424243,54.0,26.0,1.0052670449816956,0.7900510268923469
2249,01_18_A0118138200000100068z,0.3333333333333333,0.4149015513126492,51.0,28.0,0.12644644560260734,0.7690748430402189
2250,01_18_A0118138200000300032z,0.8333333333333334,0.4898864638447972,26.0,11.0,1.000545386048007,0.7661045927588083
2251,01_18_A0118138200000400018z,0.3333333333333333,0.5202586206896552,30.0,17.0,2.002107690419748,0.8231785459241091
2252,01_18_A0118138200000500044z,0.5,0.4509498259860789,43.0,15.0,1.0051787423970464,0.7758388632143358
2253,01_18_A0118138200000700033z,0.8333333333333334,0.16819654427645792,25.0,13.0,0.06584491866625704,0.7111442786775426
2254,01_18_A0118138200001000032z,0.6666666666666666,0.4004777070063694,31.0,18.0,0.06565184415423314,0.7503057408166525
2255,01_18_A0118138200001200033z,0.8333333333333334,0.5468201112412178,23.0,16.0,1.0024513667323174,0.7775490815662575
2256,01_18_a0118138200001500034B,0.6666666666666666,0.5177278037383177,29.0,16.0,1.0009550557258258,0.7114779840801502
2257,01_18_A0118138200001700023z,0.8333333333333334,0.5258928571428572,27.0,14.0,0.08701048517374146,0.8222325764095689
2258,01_18_a0118138210000600033z,0.6666666666666666,0.23184589800443456,26.0,15.0,1.4154407456697486,0.6642766952659449
2259,01_18_a0118138210000700033A2,0.6666666666666666,0.19935290404040407,28.0,11.0,1.4147432418215538,0.6491294155484045
2260,01_18_a0118138210001400032D,1.0,0.37365744972577697,23.0,6.0,0.06771132982494944,0.6944283906280697
2261,01_18_a0118138220000400034z,0.5,0.43798491379310345,25.0,17.0,1.4151019350201408,0.6836697447702119
2262,01_18_A0118138220000400035z,0.5,0.5977822580645161,36.0,19.0,1.0052139812480965,0.7955829158586453
2263,01_18_a0118138220000400036z,0.3333333333333333,0.42047634271099743,30.0,20.0,1.420625148163259,0.7180820636343725
2264,01_18_A0118138220000500026z,0.16666666666666666,0.6779088616714697,37.0,27.0,1.7365072233732546,0.8259298216621991
2265,01_18_A0118138220000500032z,0.8333333333333334,0.4511098130841121,15.0,11.0,1.0003244360945431,0.7338927586640864
2266,01_18_A0118138220000500043z,0.5,0.21875,35.0,17.0,0.046754449234321586,0.6400656053762266
2267,01_18_A0118138220000900027z,0.5,0.7662538699690402,28.0,23.0,1.418091639709932,0.8103682755021108
2268,01_18_A0118138220000900032z,0.8333333333333334,0.5521848885793872,26.0,9.0,1.0035702942118472,0.8068888075236661
2269,01_18_A0118138220002400033z,0.5,0.6523760330578512,29.0,17.0,1.4221351615258295,0.9315003566999234
2270,01_18_A0118138220002400064C,0.6666666666666666,0.4581401854219949,36.0,17.0,1.4154539264278372,0.9327653306962228
2271,01_18_A0118138220002800026z,0.8333333333333334,0.23468318540433925,20.0,11.0,1.0013190998357464,0.6644332148542558
2272,01_18_A0118138220002800050B,0.5,0.2643581081081081,31.0,18.0,1.0029118255527258,0.7432571569089131
2273,01_18_A0118138220003000024z,0.6666666666666666,0.24639802631578944,27.0,13.0,1.4159587892356753,0.6786813238700709
2274,01_18_A0118138240000200028z,0.5,0.17445543849658318,28.0,14.0,1.732257215585935,0.7721322718180662
2275,01_18_A0118138240000200033z,0.8333333333333334,0.3729190180586908,25.0,14.0,1.0174978165129245,0.8047029442516421
2276,01_18_A0118138240000200039z,0.3333333333333333,0.4767156862745098,28.0,18.0,1.4160214426424718,0.6897795209135468
2277,01_18_A0118138240000200046z,0.3333333333333333,0.4464485458612976,36.0,20.0,1.4159462795241526,0.6623517316938182
2278,01_18_A0118138240000200056z,0.8333333333333334,0.3519635523613963,32.0,16.0,0.11695804263966797,0.7261711300046249
2279,01_18_A0118138240000600033z,0.6666666666666666,0.5280481557377049,28.0,15.0,1.4164686362112409,0.8324489809339193
2280,01_18_A0118138240001400033z,0.8333333333333334,0.3806103187919463,25.0,14.0,1.0175276858056417,0.8084260081141406
2281,01_18_A0118138240001400039z,0.3333333333333333,0.4770604395604395,29.0,18.0,1.4159276977144017,0.6928869229906707
2282,01_18